0 625 1.000 1 1875.00 1875 93750 0.050000 0 625 1.000000 1 1.000000 0 625 0 1875 0.045463
1 624 0.998 30 1872.06 1875 93603 0.150000 1 624 0.998464 2 1.000000 0 625 0 1875 7.160992
2 623 0.998 49 1872.06 1875 93603 0.250000 2 623 0.996928 3 1.000000 0 625 0 1875 12.360379
3 622 0.998 36 1872.06 1875 93603 0.150000 3 622 0.995392 4 1.000000 0 625 0 1875 9.410920
4 621 0.998 34 1872.06 1875 93603 0.150000 4 621 0.993856 5 1.000000 0 625 0 1875 3.024183
5 620 0.998 70 1872.06 1875 93603 0.350000 5 620 0.992320 6 1.000000 0 625 0 1875 2.615256
6 619 0.998 72 1872.06 1875 93603 0.350000 6 619 0.990784 7 1.000000 0 625 0 1875 2.796922
7 618 0.998 21 1872.00 1875 93600 0.050000 7 618 0.989248 8 1.000000 0 625 0 1875 1.526104
8 617 0.998 53 1872.06 1875 93603 0.250000 8 617 0.987712 9 1.000000 0 625 0 1875 2.186232
9 616 0.997 5 1869.30 1875 93465 0.050000 9 616 0.986176 10 1.000000 0 625 0 1875 0.854813
10 615 0.998 51 1872.06 1875 93603 0.250000 10 615 0.984640 11 1.000000 0 625 0 1875 2.389753
11 614 1.000 93 1872.00 1872 93600 0.450000 11 614 0.983104 12 1.000000 0 625 0 1875 2.814193
12 613 0.998 31 1871.96 1875 93598 0.150000 12 613 0.981568 13 1.000000 0 625 0 1875 2.040798
13 612 0.998 11 1872.12 1875 93606 0.050000 13 612 0.980032 14 1.000000 0 625 0 1875 1.387487
14 611 0.998 34 1872.06 1875 93603 0.150000 14 611 0.978496 15 1.000000 0 625 0 1875 1.547990
15 610 0.997 18 1869.24 1875 93462 0.050000 15 610 0.976960 16 1.000000 0 625 0 1875 2.085749
16 609 0.998 18 1872.06 1875 93603 0.050000 16 609 0.975424 17 1.000000 0 625 0 1875 2.310603
17 608 0.998 6 1872.06 1875 93603 0.050000 17 608 0.973888 18 1.000000 0 625 0 1875 1.054127
18 607 0.997 7 1869.30 1875 93465 0.050000 18 607 0.972352 19 1.000000 0 625 0 1875 1.345804
19 606 0.998 8 1872.06 1875 93603 0.050000 19 606 0.970816 20 1.000000 0 625 0 1875 1.311756
20 605 0.997 9 1869.12 1875 93456 0.050000 20 605 0.969280 21 1.000000 0 625 0 1875 1.349879
21 604 0.998 12 1872.18 1875 93609 0.050000 21 604 0.967744 22 1.000000 0 625 0 1875 1.670014
22 603 0.998 13 1869.48 1875 93474 0.050000 22 603 0.966208 23 1.000000 0 625 0 1875 2.274091
23 602 0.998 12 1872.06 1875 93603 0.050000 23 602 0.964672 24 1.000000 0 625 0 1875 2.387787
24 601 0.998 9 1872.18 1875 93609 0.050000 24 601 0.963136 25 1.000000 0 625 0 1875 1.809460
25 600 1.000 91 1872.00 1872 93600 0.450000 25 600 0.961600 26 1.000000 0 625 0 1875 3.085679
26 599 0.997 16 1868.94 1875 93447 0.050000 26 599 0.960128 27 1.000000 0 625 0 1875 2.327491
27 598 0.998 11 1872.00 1875 93600 0.050000 27 598 0.958592 28 1.000000 0 625 0 1875 2.240106
28 597 0.998 13 1872.24 1875 93612 0.050000 28 597 0.957056 29 1.000000 0 625 0 1875 2.328293
29 596 0.997 98 1869.00 1869 93450 0.450000 29 596 0.955584 30 1.000000 0 625 0 1875 4.374973
30 595 0.997 96 1866.00 1866 93300 0.450000 30 595 0.954048 31 1.000000 0 625 0 1875 5.369572
31 594 0.998 49 1872.06 1875 93603 0.150000 31 594 0.952512 32 1.000000 0 625 0 1875 3.262618
32 593 0.997 98 1869.00 1869 93450 0.450000 32 593 0.950976 33 1.000000 0 625 0 1875 4.486998
33 592 0.997 13 1870.50 1875 93525 0.050000 33 592 0.949440 34 1.000000 0 625 0 1875 2.593861
34 591 0.998 14 1872.12 1875 93606 0.050000 34 591 0.947904 35 1.000000 0 625 0 1875 2.937873
35 590 0.997 102 1869.00 1869 93450 0.450000 35 590 0.946368 36 1.000000 0 625 0 1875 5.561133
36 589 0.997 102 1869.00 1869 93450 0.450000 36 589 0.944832 37 1.000000 0 625 0 1875 5.288618
37 588 0.997 14 1868.82 1875 93441 0.050000 37 588 0.943296 38 1.000000 0 625 0 1875 2.686481
38 587 0.997 13 1869.06 1875 93453 0.050000 38 587 0.941760 39 1.000000 0 625 0 1875 2.316981
39 586 0.998 13 1872.12 1875 93606 0.050000 39 586 0.940224 40 1.000000 0 625 0 1875 2.116872
40 585 0.997 100 1866.00 1866 93300 0.450000 40 585 0.938688 41 1.000000 0 625 0 1875 4.948686
41 584 0.997 100 1869.00 1869 93450 0.450000 41 584 0.937152 42 1.000000 0 625 0 1875 5.050945
42 583 0.998 19 1872.06 1875 93603 0.050000 42 583 0.935680 43 1.000000 0 625 0 1875 2.386386
43 582 0.997 101 1869.00 1869 93450 0.450000 43 582 0.934144 44 1.000000 0 625 0 1875 5.454737
44 581 0.997 100 1869.00 1869 93450 0.450000 44 581 0.932608 45 1.000000 0 625 0 1875 4.637785
45 580 0.997 102 1869.00 1869 93450 0.450000 45 580 0.931072 46 1.000000 0 625 0 1875 5.263488
46 579 1.000 17 1874.16 1875 93708 0.050000 46 579 0.929536 47 1.000000 0 625 0 1875 3.676403
47 578 0.998 15 1872.12 1875 93606 0.050000 47 578 0.928000 48 1.000000 0 625 0 1875 2.808728
48 577 0.995 104 1866.00 1866 93300 0.450000 48 577 0.926464 49 1.000000 0 625 0 1875 5.441806
49 576 0.998 15 1872.06 1875 93603 0.050000 49 576 0.924928 50 1.000000 0 625 0 1875 2.966435
50 575 1.000 100 1872.00 1872 93600 0.450000 50 575 0.923392 51 1.000000 0 625 0 1875 4.678573
51 574 0.992 102 1860.00 1860 93000 0.450000 51 574 0.921856 52 1.000000 0 625 0 1875 5.286817
52 573 1.000 15 1873.08 1875 93654 0.050000 52 573 0.920320 53 1.000000 0 625 0 1875 2.773482
53 572 0.998 17 1872.12 1875 93606 0.050000 53 572 0.918784 54 1.000000 0 625 0 1875 3.411711
54 571 0.998 17 1872.48 1875 93624 0.050000 54 571 0.917248 55 1.000000 0 625 0 1875 3.361524
55 570 1.000 100 1872.00 1872 93600 0.450000 55 570 0.915712 56 1.000000 0 625 0 1875 4.745431
56 569 0.995 101 1866.00 1866 93300 0.450000 56 569 0.914240 57 1.000000 0 625 0 1875 5.582405
57 568 1.000 100 1869.00 1869 93450 0.450000 57 568 0.912768 58 1.000000 0 625 0 1875 4.699985
58 567 0.989 102 1854.00 1854 92700 0.450000 58 567 0.911232 59 1.000000 0 625 0 1875 5.659993
59 566 0.997 102 1869.00 1869 93450 0.450000 59 566 0.909696 60 1.000000 0 625 0 1875 5.374273
60 565 1.000 102 1872.00 1872 93600 0.450000 60 565 0.908160 61 1.000000 0 625 0 1875 5.343953
61 564 0.997 103 1869.00 1869 93450 0.450000 61 564 0.906624 62 1.000000 0 625 0 1875 5.477520
62 563 0.997 105 1869.00 1869 93450 0.450000 62 563 0.905152 63 1.000000 0 625 0 1875 6.120834
63 562 0.998 47 1872.06 1875 93603 0.150000 63 562 0.903616 64 1.000000 0 625 0 1875 4.679405
64 561 0.997 105 1869.00 1869 93450 0.450000 64 561 0.902080 65 1.000000 0 625 0 1875 6.062653
65 560 0.992 106 1860.00 1860 93000 0.450000 65 560 0.900608 66 1.000000 0 625 0 1875 6.275897
66 559 0.997 106 1869.00 1869 93450 0.450000 66 559 0.899072 67 1.000000 0 625 0 1875 6.583161
67 558 1.000 19 1871.94 1875 93597 0.050000 67 558 0.897536 68 1.000000 0 625 0 1875 3.505038
68 557 0.994 107 1863.00 1863 93150 0.450000 68 557 0.896064 69 1.000000 0 625 0 1875 6.225946
69 556 0.987 109 1851.00 1851 92550 0.450000 69 556 0.894592 70 1.000000 0 625 0 1875 6.413690
70 555 0.992 111 1860.00 1860 93000 0.450000 70 555 0.893056 71 1.000000 0 625 0 1875 6.983366
71 554 0.994 107 1863.00 1863 93150 0.450000 71 554 0.891520 72 1.000000 0 625 0 1875 6.476983
72 553 0.997 108 1869.00 1869 93450 0.450000 72 553 0.890048 73 1.000000 0 625 0 1875 6.707259
73 552 0.995 108 1866.00 1866 93300 0.450000 73 552 0.888512 74 1.000000 0 625 0 1875 6.874457
74 551 0.989 111 1854.00 1854 92700 0.450000 74 551 0.886976 75 1.000000 0 625 0 1875 7.153744
75 550 0.990 106 1857.00 1857 92850 0.450000 75 550 0.885440 76 1.000000 0 625 0 1875 6.278915
76 549 0.994 105 1863.00 1863 93150 0.450000 76 549 0.883968 77 1.000000 0 625 0 1875 5.952441
77 548 0.990 108 1857.00 1857 92850 0.450000 77 548 0.882496 78 1.000000 0 625 0 1875 6.443252
78 547 0.990 111 1857.00 1857 92850 0.450000 78 547 0.881024 79 1.000000 0 625 0 1875 6.815714
79 546 0.987 107 1851.00 1851 92550 0.450000 79 546 0.879488 80 1.000000 0 625 0 1875 6.528919
80 545 0.979 109 1836.00 1836 91800 0.450000 80 545 0.878016 81 1.000000 0 625 0 1875 6.607051
81 544 0.986 105 1848.00 1848 92400 0.450000 81 544 0.876480 82 1.000000 0 625 0 1875 6.056527
82 543 0.994 105 1863.00 1863 93150 0.450000 82 543 0.874944 83 1.000000 0 625 0 1875 6.188239
83 542 0.987 108 1851.00 1851 92550 0.450000 83 542 0.873408 84 1.000000 0 625 0 1875 6.192298
84 541 0.987 110 1851.00 1851 92550 0.450000 84 541 0.871872 85 1.000000 0 625 0 1875 6.923664
85 540 0.989 110 1854.00 1854 92700 0.450000 85 540 0.870464 86 1.000000 0 625 0 1875 6.606239
86 539 0.986 112 1846.00 1846 92300 0.450000 86 539 0.868928 87 1.000000 0 625 0 1875 7.899862
87 538 0.984 107 1845.00 1845 92250 0.450000 87 538 0.867456 88 1.000000 0 625 0 1875 6.542824
88 537 0.989 110 1854.00 1854 92700 0.450000 88 537 0.865984 89 1.000000 0 625 0 1875 6.629673
89 536 0.995 109 1866.00 1866 93300 0.450000 89 536 0.864448 90 1.000000 0 625 0 1875 6.683805
90 535 0.976 115 1827.00 1827 91350 0.450000 90 535 0.862912 91 1.000000 0 625 0 1875 8.301161
91 534 0.992 105 1860.00 1860 93000 0.450000 91 534 0.861376 92 1.000000 0 625 0 1875 6.574180
92 533 0.992 111 1860.00 1860 93000 0.450000 92 533 0.859904 93 1.000000 0 625 0 1875 7.092257
93 532 0.994 109 1860.00 1860 93000 0.450000 93 532 0.858496 94 1.000000 0 625 0 1875 7.214707
94 531 0.989 107 1854.00 1854 92700 0.450000 94 531 0.856960 95 1.000000 0 625 0 1875 7.224060
95 530 0.986 111 1848.00 1848 92400 0.450000 95 530 0.855552 96 1.000000 0 625 0 1875 7.183878
96 529 0.987 110 1851.00 1851 92550 0.450000 96 529 0.854144 97 1.000000 0 625 0 1875 7.040810
97 528 0.974 110 1827.00 1827 91350 0.450000 97 528 0.852608 98 1.000000 0 625 0 1875 6.998638
98 527 0.987 110 1851.00 1851 92550 0.450000 98 527 0.851072 99 1.000000 0 625 0 1875 7.185313
99 526 0.982 111 1842.00 1842 92100 0.450000 99 526 0.849600 100 1.000000 0 625 0 1875 6.944486
100 525 0.979 110 1836.00 1836 91800 0.450000 100 525 0.848128 101 1.000000 0 625 0 1875 7.609151
101 524 0.986 116 1848.00 1848 92400 0.450000 101 524 0.846656 102 1.000000 0 625 0 1875 8.531210
102 523 0.981 115 1839.00 1839 91950 0.450000 102 523 0.845184 103 1.000000 0 625 0 1875 7.594506
103 522 0.971 115 1821.00 1821 91050 0.450000 103 522 0.843648 104 1.000000 0 625 0 1875 8.359269
104 521 0.979 118 1836.00 1836 91800 0.450000 104 521 0.842176 105 1.000000 0 625 0 1875 8.379586
105 520 0.979 113 1833.00 1833 91650 0.450000 105 520 0.840768 106 1.000000 0 625 0 1875 7.113906
106 519 0.986 114 1848.00 1848 92400 0.450000 106 519 0.839296 107 1.000000 0 625 0 1875 7.991680
107 518 0.981 106 1839.00 1839 91950 0.450000 107 518 0.837888 108 1.000000 0 625 0 1875 6.741722
108 517 0.979 115 1836.00 1836 91800 0.450000 108 517 0.836544 109 1.000000 0 625 0 1875 7.961614
109 516 0.970 116 1818.00 1818 90900 0.450000 109 516 0.835008 110 1.000000 0 625 0 1875 7.754613
110 515 0.968 111 1815.00 1815 90750 0.450000 110 515 0.833536 111 1.000000 0 625 0 1875 7.482174
111 514 0.984 117 1845.00 1845 92250 0.450000 111 514 0.832064 112 1.000000 0 625 0 1875 8.577786
112 513 0.974 113 1827.00 1827 91350 0.450000 112 513 0.830528 113 1.000000 0 625 0 1875 7.241567
113 512 0.984 115 1845.00 1845 92250 0.450000 113 512 0.829056 114 1.000000 0 625 0 1875 8.109437
114 511 0.968 118 1815.00 1815 90750 0.450000 114 511 0.827648 115 1.000000 0 625 0 1875 8.873537
115 510 0.976 116 1830.00 1830 91500 0.450000 115 510 0.826112 116 1.000000 0 625 0 1875 8.173098
116 509 0.978 117 1833.00 1833 91650 0.450000 116 509 0.824576 117 1.000000 0 625 0 1875 8.265581
117 508 0.970 117 1818.00 1818 90900 0.450000 117 508 0.823040 118 1.000000 0 625 0 1875 8.233189
118 507 0.968 119 1815.00 1815 90750 0.450000 118 507 0.821632 119 1.000000 0 625 0 1875 8.786367
119 506 0.978 116 1833.00 1833 91650 0.450000 119 506 0.820288 120 1.000000 0 625 0 1875 8.251191
120 505 0.984 117 1845.00 1845 92250 0.450000 120 505 0.818816 121 1.000000 0 625 0 1875 9.194984
121 504 0.971 121 1821.00 1821 91050 0.450000 121 504 0.817280 122 1.000000 0 625 0 1875 8.591398
122 503 0.963 119 1806.00 1806 90300 0.450000 122 503 0.815744 123 1.000000 0 625 0 1875 8.208057
123 502 0.971 115 1821.00 1821 91050 0.450000 123 502 0.814208 124 1.000000 0 625 0 1875 8.132470
124 501 0.981 116 1839.00 1839 91950 0.450000 124 501 0.812736 125 1.000000 0 625 0 1875 9.040695
125 500 0.965 124 1809.00 1809 90450 0.450000 125 500 0.811264 126 1.000000 0 625 0 1875 9.246831
126 499 0.973 116 1824.00 1824 91200 0.450000 126 499 0.809856 127 1.000000 0 625 0 1875 8.475289
127 498 0.968 126 1815.00 1815 90750 0.450000 127 498 0.808448 128 1.000000 0 625 0 1875 9.512963
128 497 0.968 115 1815.00 1815 90750 0.450000 128 497 0.806912 129 1.000000 0 625 0 1875 8.367158
129 496 0.978 110 1833.00 1833 91650 0.450000 129 496 0.805504 130 1.000000 0 625 0 1875 6.981418
130 495 0.957 115 1794.00 1794 89700 0.450000 130 495 0.804224 131 1.000000 0 625 0 1875 8.736141
131 494 0.968 117 1815.00 1815 90750 0.450000 131 494 0.802816 132 1.000000 0 625 0 1875 8.287689
132 493 0.966 111 1812.00 1812 90600 0.450000 132 493 0.801280 133 1.000000 0 625 0 1875 7.550274
133 492 0.960 121 1800.00 1800 90000 0.450000 133 492 0.799872 134 1.000000 0 625 0 1875 9.370856
134 491 0.960 112 1800.00 1800 90000 0.450000 134 491 0.798400 135 1.000000 0 625 0 1875 7.496738
135 490 0.966 122 1809.00 1809 90450 0.450000 135 490 0.796928 136 1.000000 0 625 0 1875 9.421185
136 489 0.944 121 1770.00 1770 88500 0.450000 136 489 0.795392 137 1.000000 0 625 0 1875 9.047644
137 488 0.966 119 1812.00 1812 90600 0.450000 137 488 0.793920 138 1.000000 0 625 0 1875 8.506247
138 487 0.955 119 1788.00 1788 89400 0.450000 138 487 0.792512 139 1.000000 0 625 0 1875 8.027748
139 486 0.963 120 1806.00 1806 90300 0.450000 139 486 0.791104 140 1.000000 0 625 0 1875 8.813418
140 485 0.962 127 1803.00 1803 90150 0.450000 140 485 0.789632 141 1.000000 0 625 0 1875 10.095726
141 484 0.978 116 1833.00 1833 91650 0.450000 141 484 0.788160 142 1.000000 0 625 0 1875 8.348530
142 483 0.952 127 1785.00 1785 89250 0.450000 142 483 0.786944 143 1.000000 0 625 0 1875 10.388711
143 482 0.958 114 1797.00 1797 89850 0.450000 143 482 0.785664 144 1.000000 0 625 0 1875 8.210315
144 481 0.941 120 1764.00 1764 88200 0.450000 144 481 0.784256 145 1.000000 0 625 0 1875 9.058153
145 480 0.950 127 1782.00 1782 89100 0.450000 145 480 0.782784 146 1.000000 0 625 0 1875 9.868897
146 479 0.957 122 1794.00 1794 89700 0.450000 146 479 0.781376 147 1.000000 0 625 0 1875 8.934467
147 478 0.942 125 1767.00 1767 88350 0.450000 147 478 0.779968 148 1.000000 0 625 0 1875 9.293951
148 477 0.968 120 1815.00 1815 90750 0.450000 148 477 0.778496 149 1.000000 0 625 0 1875 9.533302
149 476 0.954 127 1788.00 1788 89400 0.450000 149 476 0.777152 150 1.000000 0 625 0 1875 9.820387
150 475 0.944 122 1770.00 1770 88500 0.450000 150 475 0.775808 151 1.000000 0 625 0 1875 9.373277
151 474 0.949 130 1779.00 1779 88950 0.450000 151 474 0.774656 152 1.000000 0 625 0 1875 10.108876
152 473 0.942 125 1767.00 1767 88350 0.450000 152 473 0.773440 153 1.000000 0 625 0 1875 9.424945
153 472 0.957 127 1794.00 1794 89700 0.450000 153 472 0.772032 154 1.000000 0 625 0 1875 10.331736
154 471 0.946 123 1770.00 1770 88500 0.450000 154 471 0.770688 155 1.000000 0 625 0 1875 9.346425
155 470 0.947 118 1776.00 1776 88800 0.450000 155 470 0.769408 156 1.000000 0 625 0 1875 9.039376
156 469 0.933 120 1749.00 1749 87450 0.450000 156 469 0.767936 157 1.000000 0 625 0 1875 8.854816
157 468 0.946 124 1773.00 1773 88650 0.450000 157 468 0.766592 158 1.000000 0 625 0 1875 9.614337
158 467 0.950 126 1779.00 1779 88950 0.450000 158 467 0.765248 159 1.000000 0 625 0 1875 9.717366
159 466 0.926 121 1737.00 1737 86850 0.450000 159 466 0.763968 160 1.000000 0 625 0 1875 9.443611
160 465 0.944 124 1770.00 1770 88500 0.450000 160 465 0.762560 161 1.000000 0 625 0 1875 9.609580
161 464 0.933 121 1749.00 1749 87450 0.450000 161 464 0.761152 162 1.000000 0 625 0 1875 8.510368
162 463 0.947 118 1776.00 1776 88800 0.450000 162 463 0.759872 163 1.000000 0 625 0 1875 8.994845
163 462 0.923 123 1731.00 1731 86550 0.450000 163 462 0.758464 164 1.000000 0 625 0 1875 9.748757
164 461 0.941 123 1764.00 1764 88200 0.450000 164 461 0.757056 165 1.000000 0 625 0 1875 9.862371
165 460 0.934 125 1752.00 1752 87600 0.450000 165 460 0.755712 166 1.000000 0 625 0 1875 9.951021
166 459 0.931 120 1743.00 1743 87150 0.450000 166 459 0.754368 167 1.000000 0 625 0 1875 9.286870
167 458 0.925 125 1734.00 1734 86700 0.450000 167 458 0.753344 168 1.000000 0 625 0 1875 9.481337
168 457 0.936 122 1755.00 1755 87750 0.450000 168 457 0.752064 169 1.000000 0 625 0 1875 9.936650
169 456 0.938 127 1758.00 1758 87900 0.450000 169 456 0.750656 170 1.000000 0 625 0 1875 10.272237
170 455 0.938 117 1758.00 1758 87900 0.450000 170 455 0.749440 171 1.000000 0 625 0 1875 8.775478
171 454 0.931 124 1746.00 1746 87300 0.450000 171 454 0.748032 172 1.000000 0 625 0 1875 9.162374
172 453 0.914 113 1713.00 1713 85650 0.450000 172 453 0.746944 173 1.000000 0 625 0 1875 7.337008
173 452 0.925 120 1734.00 1734 86700 0.450000 173 452 0.745536 174 1.000000 0 625 0 1875 9.197812
174 451 0.931 127 1746.00 1746 87300 0.450000 174 451 0.744128 175 1.000000 0 625 0 1875 9.877099
175 450 0.930 121 1743.00 1743 87150 0.450000 175 450 0.742656 176 1.000000 0 625 0 1875 9.175395
176 449 0.934 126 1752.00 1752 87600 0.450000 176 449 0.741248 177 1.000000 0 625 0 1875 10.064527
177 448 0.925 131 1734.00 1734 86700 0.450000 177 448 0.740032 178 1.000000 0 625 0 1875 11.157532
178 447 0.926 124 1737.00 1737 86850 0.450000 178 447 0.738560 179 1.000000 0 625 0 1875 9.313913
179 446 0.915 124 1716.00 1716 85800 0.450000 179 446 0.737344 180 1.000000 0 625 0 1875 9.712364
180 445 0.926 125 1737.00 1737 86850 0.450000 180 445 0.736128 181 1.000000 0 625 0 1875 9.863901
181 444 0.933 125 1749.00 1749 87450 0.450000 181 444 0.735104 182 1.000000 0 625 0 1875 10.227601
182 443 0.933 128 1749.00 1749 87450 0.450000 182 443 0.734016 183 1.000000 0 625 0 1875 10.331609
183 442 0.914 120 1713.00 1713 85650 0.450000 183 442 0.732672 184 1.000000 0 625 0 1875 8.540823
184 441 0.923 126 1731.00 1731 86550 0.450000 184 441 0.731264 185 1.000000 0 625 0 1875 9.392175
185 440 0.918 124 1722.00 1722 86100 0.450000 185 440 0.730048 186 1.000000 0 625 0 1875 9.696446
186 439 0.925 125 1734.00 1734 86700 0.450000 186 439 0.728960 187 1.000000 0 625 0 1875 10.315597
187 438 0.912 124 1710.00 1710 85500 0.450000 187 438 0.727552 188 1.000000 0 625 0 1875 9.111504
188 437 0.926 123 1737.00 1737 86850 0.450000 188 437 0.726272 189 1.000000 0 625 0 1875 10.348680
189 436 0.918 122 1722.00 1722 86100 0.450000 189 436 0.724928 190 1.000000 0 625 0 1875 8.766885
190 435 0.922 131 1728.00 1728 86400 0.450000 190 435 0.723584 191 1.000000 0 625 0 1875 11.051044
191 434 0.906 123 1695.00 1695 84750 0.450000 191 434 0.722112 192 1.000000 0 625 0 1875 9.406614
192 433 0.910 121 1707.00 1707 85350 0.450000 192 433 0.720896 193 1.000000 0 625 0 1875 9.925971
193 432 0.902 121 1692.00 1692 84600 0.450000 193 432 0.719488 194 1.000000 0 625 0 1875 9.990275
194 431 0.907 131 1701.00 1701 85050 0.450000 194 431 0.718592 195 1.000000 0 625 0 1875 10.354718
195 430 0.920 127 1725.00 1725 86250 0.450000 195 430 0.717376 196 1.000000 0 625 0 1875 9.898795
196 429 0.931 128 1746.00 1746 87300 0.450000 196 429 0.715968 197 1.000000 0 625 0 1875 9.880746
197 428 0.922 133 1728.00 1728 86400 0.450000 197 428 0.714496 198 1.000000 0 625 0 1875 10.858843
198 427 0.910 123 1707.00 1707 85350 0.450000 198 427 0.713024 199 1.000000 0 625 0 1875 10.642551
199 426 0.912 121 1710.00 1710 85500 0.450000 199 426 0.711744 200 1.000000 0 625 0 1875 9.679946
200 425 0.904 126 1695.00 1695 84750 0.450000 200 425 0.710464 201 1.000000 0 625 0 1875 9.595968
201 424 0.910 125 1707.00 1707 85350 0.450000 201 424 0.708992 202 1.000000 0 625 0 1875 10.249367
202 423 0.896 123 1680.00 1680 84000 0.450000 202 423 0.707520 203 1.000000 0 625 0 1875 9.352932
203 422 0.910 123 1707.00 1707 85350 0.450000 203 422 0.706560 204 1.000000 0 625 0 1875 9.992575
204 421 0.920 135 1722.00 1722 86100 0.450000 204 421 0.705088 205 1.000000 0 625 0 1875 11.373066
205 420 0.909 125 1704.00 1704 85200 0.450000 205 420 0.704256 206 1.000000 0 625 0 1875 10.796173
206 419 0.914 122 1713.00 1713 85650 0.450000 206 419 0.702848 207 1.000000 0 625 0 1875 9.097771
207 418 0.899 121 1686.00 1686 84300 0.450000 207 418 0.701632 208 1.000000 0 625 0 1875 9.401648
208 417 0.893 119 1673.00 1673 83650 0.450000 208 417 0.700608 209 1.000000 0 625 0 1875 8.929356
209 416 0.902 128 1692.00 1692 84600 0.450000 209 416 0.699584 210 1.000000 0 625 0 1875 10.930164
210 415 0.914 131 1713.00 1713 85650 0.450000 210 415 0.698432 211 1.000000 0 625 0 1875 10.958762
211 414 0.899 125 1686.00 1686 84300 0.450000 211 414 0.697024 212 1.000000 0 625 0 1875 9.876156
212 413 0.904 135 1695.00 1695 84750 0.450000 212 413 0.695616 213 1.000000 0 625 0 1875 10.747891
213 412 0.898 133 1683.00 1683 84150 0.450000 213 412 0.694720 214 1.000000 0 625 0 1875 11.072411
214 411 0.899 122 1686.00 1686 84300 0.450000 214 411 0.693504 215 1.000000 0 625 0 1875 9.579926
215 410 0.883 131 1656.00 1656 82800 0.450000 215 410 0.692224 216 1.000000 0 625 0 1875 10.706288
216 409 0.890 125 1668.00 1668 83400 0.450000 216 409 0.691200 217 1.000000 0 625 0 1875 9.846454
217 408 0.899 117 1686.00 1686 84300 0.450000 217 408 0.690560 218 1.000000 0 625 0 1875 9.277401
218 407 0.893 122 1674.00 1674 83700 0.450000 218 407 0.689344 219 1.000000 0 625 0 1875 9.779299
219 406 0.885 136 1659.00 1659 82950 0.450000 219 406 0.688128 220 1.000000 0 625 0 1875 11.494487
220 405 0.906 122 1698.00 1698 84900 0.450000 220 405 0.686976 221 1.000000 0 625 0 1875 9.615091
221 404 0.896 127 1680.00 1680 84000 0.450000 221 404 0.685696 222 1.000000 0 625 0 1875 10.132779
222 403 0.882 118 1653.00 1653 82650 0.450000 222 403 0.684416 223 1.000000 0 625 0 1875 8.863640
223 402 0.899 131 1686.00 1686 84300 0.450000 223 402 0.683008 224 1.000000 0 625 0 1875 11.354474
224 401 0.894 128 1677.00 1677 83850 0.450000 224 401 0.682048 225 1.000000 0 625 0 1875 10.373400
225 400 0.888 127 1665.00 1665 83250 0.450000 225 400 0.680960 226 1.000000 0 625 0 1875 9.658192
226 399 0.883 119 1656.00 1656 82800 0.450000 226 399 0.679680 227 1.000000 0 625 0 1875 9.176595
227 398 0.882 127 1653.00 1653 82650 0.450000 227 398 0.678656 228 1.000000 0 625 0 1875 10.252188
228 397 0.888 121 1665.00 1665 83250 0.450000 228 397 0.677376 229 1.000000 0 625 0 1875 9.484723
229 396 0.898 129 1683.00 1683 84150 0.450000 229 396 0.675904 230 1.000000 0 625 0 1875 10.485851
230 395 0.888 126 1665.00 1665 83250 0.450000 230 395 0.674816 231 1.000000 0 625 0 1875 10.569581
231 394 0.883 132 1656.00 1656 82800 0.450000 231 394 0.673536 232 1.000000 0 625 0 1875 11.374173
232 393 0.893 119 1674.00 1674 83700 0.450000 232 393 0.673088 233 1.000000 0 625 0 1875 8.966186
233 392 0.882 136 1653.00 1653 82650 0.450000 233 392 0.672064 234 1.000000 0 625 0 1875 11.315028
234 391 0.888 128 1665.00 1665 83250 0.450000 234 391 0.670976 235 1.000000 0 625 0 1875 10.555998
235 390 0.883 123 1656.00 1656 82800 0.450000 235 390 0.669760 236 1.000000 0 625 0 1875 10.028130
236 389 0.880 132 1650.00 1650 82500 0.450000 236 389 0.668416 237 1.000000 0 625 0 1875 10.733316
237 388 0.898 130 1683.00 1683 84150 0.450000 237 388 0.667904 238 1.000000 0 625 0 1875 11.032608
238 387 0.883 129 1656.00 1656 82800 0.450000 238 387 0.667200 239 1.000000 0 625 0 1875 10.865749
239 386 0.891 126 1671.00 1671 83550 0.450000 239 386 0.666240 240 1.000000 0 625 0 1875 9.928676
240 385 0.874 122 1638.00 1638 81900 0.450000 240 385 0.664832 241 1.000000 0 625 0 1875 9.759312
241 384 0.885 132 1659.00 1659 82950 0.450000 241 384 0.663488 242 1.000000 0 625 0 1875 11.137920
242 383 0.880 130 1650.00 1650 82500 0.450000 242 383 0.662464 243 1.000000 0 625 0 1875 10.843023
243 382 0.878 124 1647.00 1647 82350 0.450000 243 382 0.661632 244 1.000000 0 625 0 1875 9.832505
244 381 0.883 120 1656.00 1656 82800 0.450000 244 381 0.660544 249 1.000000 0 625 0 1875 8.998174
245 380 0.890 128 1668.00 1668 83400 0.450000 245 380 0.659648 257 1.000000 0 625 0 1875 11.057984
246 379 0.878 130 1647.00 1647 82350 0.450000 246 379 0.658944 247 1.000000 0 625 0 1875 10.651796
247 378 0.875 127 1641.00 1641 82050 0.450000 247 378 0.657728 250 1.000000 0 625 0 1875 10.447877
248 377 0.872 125 1635.00 1635 81750 0.450000 248 377 0.656448 253 1.000000 0 625 0 1875 9.934586
249 376 0.878 132 1647.00 1647 82350 0.450000 249 376 0.655104 252 1.000000 0 625 0 1875 12.753353
250 375 0.888 126 1665.00 1665 83250 0.450000 250 375 0.654464 372 1.000000 0 625 0 1875 10.701251
251 374 0.878 122 1647.00 1647 82350 0.450000 251 374 0.653632 456 1.000000 0 625 0 1875 10.115077
252 373 0.891 140 1671.00 1671 83550 0.450000 252 373 0.652800 253 1.000000 0 625 0 1875 12.589774
253 372 0.870 125 1632.00 1632 81600 0.450000 253 372 0.651392 551 1.000000 0 625 0 1875 9.962305
254 371 0.878 123 1647.00 1647 82350 0.450000 254 371 0.650112 516 1.000000 0 625 0 1875 9.519495
255 370 0.869 127 1629.00 1629 81450 0.450000 255 370 0.648960 588 1.000000 0 625 0 1875 10.957991
256 369 0.866 129 1623.00 1623 81150 0.450000 256 369 0.647808 544 1.000000 0 625 0 1875 10.439958
257 368 0.878 127 1644.00 1644 82200 0.450000 257 368 0.647040 452 1.000000 0 625 0 1875 9.834602
258 367 0.877 122 1644.00 1644 82200 0.450000 258 367 0.646144 368 1.000000 0 625 0 1875 9.921261
259 366 0.861 122 1614.00 1614 80700 0.450000 259 366 0.645312 2748 1.000000 0 625 0 1875 10.224151
260 365 0.869 122 1629.00 1629 81450 0.450000 260 365 0.644288 5999 1.000000 0 625 0 1875 11.119161
261 364 0.869 128 1629.00 1629 81450 0.450000 261 364 0.643264 3005 1.000000 0 625 0 1875 10.707898
262 363 0.870 120 1632.00 1632 81600 0.450000 262 363 0.642112 5322 1.000000 0 625 0 1875 11.154794
263 362 0.877 135 1644.00 1644 82200 0.450000 263 362 0.641152 7814 1.000000 0 625 0 1875 13.918423
264 361 0.885 134 1659.00 1659 82950 0.450000 264 361 0.640000 6337 1.000000 0 625 0 1875 12.783332
265 360 0.870 137 1632.00 1632 81600 0.450000 265 360 0.638848 8532 1.000000 0 625 0 1875 14.933872
266 359 0.870 121 1632.00 1632 81600 0.450000 266 359 0.637760 7629 1.000000 0 625 0 1875 11.174752
267 358 0.874 127 1638.00 1638 81900 0.450000 267 358 0.636544 10001 0.762624 167 458 0 1374
268 357 0.869 143 1629.00 1629 81450 0.450000 268 357 0.636096 10001 0.803008 137 488 0 1464
269 356 0.880 121 1650.00 1650 82500 0.450000 269 356 0.635584 10001 0.782464 153 472 0 1416
270 355 0.875 134 1639.00 1639 81950 0.450000 270 355 0.634432 10001 0.758464 171 454 0 1362
271 354 0.859 130 1611.00 1611 80550 0.450000 271 354 0.633088 10001 0.777024 156 469 0 1407
272 353 0.861 119 1614.00 1614 80700 0.450000 272 353 0.632384 10001 0.748800 179 446 0 1338
273 352 0.870 128 1632.00 1632 81600 0.450000 273 352 0.631488 10001 0.779840 155 470 0 1410
274 351 0.874 132 1638.00 1638 81900 0.450000 274 351 0.630400 10001 0.787520 149 476 0 1428
275 350 0.867 127 1623.00 1623 81150 0.450000 275 350 0.629440 10001 0.722176 199 426 0 1278
276 349 0.867 127 1626.00 1626 81300 0.450000 276 349 0.628544 10001 0.742912 183 442 0 1326
277 348 0.864 127 1620.00 1620 81000 0.450000 277 348 0.627584 10001 0.742528 184 441 0 1323
278 347 0.869 129 1629.00 1629 81450 0.450000 278 347 0.626752 10001 0.832000 116 509 0 1527
279 346 0.862 130 1614.00 1614 80700 0.450000 279 346 0.625984 10001 0.766080 165 460 0 1380
280 345 0.858 127 1602.00 1602 80100 0.450000 280 345 0.625088 10001 0.802944 138 487 0 1461
281 344 0.861 124 1614.00 1614 80700 0.450000 281 344 0.624000 10001 0.709440 210 415 0 1245
282 343 0.846 124 1587.00 1587 79350 0.450000 282 343 0.623296 10001 0.744448 181 444 0 1332
283 342 0.862 133 1617.00 1617 80850 0.450000 283 342 0.622592 10001 0.800384 140 485 0 1455
284 341 0.862 129 1614.00 1614 80700 0.450000 284 341 0.621760 10001 0.762176 168 457 0 1371
285 340 0.854 123 1602.00 1602 80100 0.450000 285 340 0.621120 10001 0.733376 189 436 0 1308
286 339 0.854 124 1602.00 1602 80100 0.450000 286 339 0.620352 10001 0.720448 201 424 0 1272
287 338 0.870 127 1632.00 1632 81600 0.450000 287 338 0.619584 10001 0.725632 197 428 0 1284
288 337 0.856 133 1605.00 1605 80250 0.450000 288 337 0.618368 10001 0.671360 241 384 0 1152
289 336 0.864 126 1620.00 1620 81000 0.450000 289 336 0.617280 10001 0.727488 194 431 0 1293
290 335 0.861 134 1614.00 1614 80700 0.450000 290 335 0.616064 10001 0.728384 194 431 0 1293
291 334 0.854 127 1602.00 1602 80100 0.450000 291 334 0.614912 10001 0.757632 172 453 0 1359
292 333 0.864 124 1612.00 1612 80600 0.450000 292 333 0.614528 10001 0.736384 189 436 0 1308
293 332 0.862 130 1617.00 1617 80850 0.450000 293 332 0.613568 10001 0.743040 183 442 0 1326
294 331 0.854 120 1602.00 1602 80100 0.450000 294 331 0.613056 10001 0.724928 197 428 0 1284
295 330 0.861 133 1614.00 1614 80700 0.450000 295 330 0.611904 10001 0.714112 206 419 0 1257
296 329 0.867 132 1626.00 1626 81300 0.450000 296 329 0.611264 10001 0.721216 200 425 0 1275
297 328 0.866 130 1623.00 1623 81150 0.450000 297 328 0.610368 10001 0.738304 186 439 0 1317
298 327 0.856 134 1605.00 1605 80250 0.450000 298 327 0.609728 10001 0.757888 172 453 0 1359
299 326 0.838 134 1572.00 1572 78600 0.450000 299 326 0.608640 10001 0.743168 184 441 0 1323
300 325 0.859 126 1611.00 1611 80550 0.450000 300 325 0.608064 10001 0.731776 191 434 0 1302
301 324 0.851 131 1596.00 1596 79800 0.450000 301 324 0.606912 10001 0.711936 208 417 0 1251
302 323 0.866 129 1620.00 1620 81000 0.450000 302 323 0.606336 10001 0.736128 188 437 0 1311
303 322 0.866 132 1618.00 1618 80900 0.450000 303 322 0.606144 10001 0.758080 172 453 0 1359
304 321 0.846 126 1587.00 1587 79350 0.450000 304 321 0.605632 10001 0.727744 195 430 0 1290
305 320 0.861 135 1614.00 1614 80700 0.450000 305 320 0.604800 10001 0.719488 203 422 0 1266
306 319 0.856 138 1605.00 1605 80250 0.450000 306 319 0.604096 10001 0.706496 213 412 0 1236
307 318 0.862 128 1617.00 1617 80850 0.450000 307 318 0.603712 10001 0.761856 169 456 0 1368
308 317 0.854 131 1602.00 1602 80100 0.450000 308 317 0.603200 10001 0.730368 194 431 0 1293
309 316 0.854 127 1602.00 1602 80100 0.450000 309 316 0.602432 10001 0.715712 205 420 0 1260
310 315 0.851 126 1596.00 1596 79800 0.450000 310 315 0.601600 10001 0.683968 234 391 0 1173
311 314 0.864 138 1620.00 1620 81000 0.450000 311 314 0.600768 10001 0.634304 276 349 0 1047
312 313 0.864 128 1617.00 1617 80850 0.450000 312 313 0.599680 10001 0.668160 246 379 0 1137
313 312 0.850 129 1593.00 1593 79650 0.450000 313 312 0.598848 10001 0.665984 246 379 0 1137
314 311 0.850 131 1589.00 1589 79450 0.450000 314 311 0.598208 10001 0.727360 197 428 0 1284
315 310 0.856 124 1603.00 1603 80150 0.450000 315 310 0.598016 10001 0.638208 273 352 0 1056
316 309 0.862 132 1617.00 1617 80850 0.450000 316 309 0.597440 10001 0.660800 251 374 0 1122
317 308 0.851 131 1596.00 1596 79800 0.450000 317 308 0.596672 10001 0.648320 266 359 0 1077
318 307 0.854 134 1602.00 1602 80100 0.450000 318 307 0.596288 10001 0.706560 215 410 0 1230
319 306 0.870 130 1632.00 1632 81600 0.450000 319 306 0.595456 10001 0.644992 269 356 0 1068
320 305 0.843 129 1581.00 1581 79050 0.450000 320 305 0.594880 10001 0.644608 266 359 0 1077
321 304 0.856 133 1605.00 1605 80250 0.450000 321 304 0.594624 10001 0.652736 262 363 0 1089
322 303 0.851 127 1591.00 1591 79550 0.450000 322 303 0.594496 10001 0.709696 210 415 0 1245
323 302 0.845 127 1584.00 1584 79200 0.450000 323 302 0.594176 10001 0.684032 233 392 0 1176
324 301 0.851 134 1596.00 1596 79800 0.450000 324 301 0.593600 10001 0.646208 268 357 0 1071
325 300 0.859 127 1611.00 1611 80550 0.450000 325 300 0.593024 10001 0.652672 260 365 0 1095
326 299 0.854 134 1599.00 1599 79950 0.450000 326 299 0.591808 10001 0.667520 246 379 0 1137
327 298 0.845 131 1584.00 1584 79200 0.450000 327 298 0.591808 10001 0.648576 268 357 0 1071
328 297 0.846 129 1582.00 1582 79100 0.450000 328 297 0.591488 10001 0.653056 261 364 0 1092
329 296 0.856 131 1605.00 1605 80250 0.450000 329 296 0.591872 10001 0.689408 227 398 0 1194
330 295 0.842 127 1578.00 1578 78900 0.450000 330 295 0.592128 10001 0.678912 237 388 0 1164
331 294 0.848 133 1590.00 1590 79500 0.450000 331 294 0.591744 10001 0.673024 246 379 0 1137
332 293 0.837 126 1569.00 1569 78450 0.450000 332 293 0.590592 10001 0.722560 202 423 0 1269
333 292 0.859 134 1610.00 1610 80500 0.450000 333 292 0.589248 10001 0.672128 248 377 0 1131
334 291 0.842 133 1578.00 1578 78900 0.450000 334 291 0.588672 10001 0.726656 199 426 0 1278
335 290 0.858 129 1608.00 1608 80400 0.450000 335 290 0.587712 10001 0.647680 269 356 0 1068
336 289 0.859 132 1611.00 1611 80550 0.450000 336 289 0.587776 10001 0.649216 268 357 0 1071
337 288 0.851 126 1596.00 1596 79800 0.450000 337 288 0.587392 10001 0.665280 254 371 0 1113
338 287 0.850 132 1593.00 1593 79650 0.450000 338 287 0.586880 10001 0.691328 227 398 0 1194
339 286 0.840 132 1575.00 1575 78750 0.450000 339 286 0.585856 10001 0.665152 255 370 0 1110
340 285 0.854 128 1602.00 1602 80100 0.450000 340 285 0.585408 10001 0.660608 256 369 0 1107
341 284 0.835 124 1566.00 1566 78300 0.450000 341 284 0.585152 10001 0.678912 243 382 0 1146
342 283 0.845 124 1584.00 1584 79200 0.450000 342 283 0.585088 10001 0.669632 252 373 0 1119
343 282 0.846 131 1587.00 1587 79350 0.450000 343 282 0.584960 10001 0.616320 306 319 0 957
344 281 0.858 122 1608.00 1608 80400 0.450000 344 281 0.584640 10001 0.693888 229 396 0 1188
345 280 0.829 129 1554.00 1554 77700 0.450000 345 280 0.583680 10001 0.640000 285 340 0 1020
346 279 0.850 122 1593.00 1593 79650 0.450000 346 279 0.582528 10001 0.616960 306 319 0 957
347 278 0.845 132 1577.00 1577 78850 0.450000 347 278 0.582528 10001 0.612864 310 315 0 945
348 277 0.835 133 1566.00 1566 78300 0.450000 348 277 0.582656 10001 0.604800 322 303 0 909
349 276 0.838 130 1572.00 1572 78600 0.450000 349 276 0.582208 10001 0.714560 215 410 0 1230
350 275 0.848 136 1590.00 1590 79500 0.450000 350 275 0.582016 10001 0.680384 242 383 0 1149
351 274 0.837 133 1564.00 1564 78200 0.450000 351 274 0.582400 10001 0.700032 225 400 0 1200
352 273 0.850 127 1591.00 1591 79550 0.450000 352 273 0.582976 10001 0.695360 230 395 0 1185
353 272 0.853 132 1596.00 1596 79800 0.450000 353 272 0.582464 10001 0.689856 233 392 0 1176
354 271 0.859 138 1611.00 1611 80550 0.450000 354 271 0.583040 10001 0.720128 210 415 0 1245
355 270 0.859 135 1611.00 1611 80550 0.450000 355 270 0.582976 10001 0.738880 192 433 0 1299
356 269 0.854 127 1602.00 1602 80100 0.450000 356 269 0.582144 10001 0.754752 180 445 0 1335
357 268 0.846 136 1587.00 1587 79350 0.450000 357 268 0.581696 10001 0.711488 220 405 0 1215
358 267 0.845 129 1584.00 1584 79200 0.450000 358 267 0.582080 10001 0.718336 214 411 0 1233
359 266 0.843 127 1581.00 1581 79050 0.450000 359 266 0.581760 10001 0.711104 218 407 0 1221
360 265 0.845 130 1580.00 1580 79000 0.450000 360 265 0.581248 10001 0.716032 214 411 0 1233
361 264 0.842 134 1578.00 1578 78900 0.450000 361 264 0.580352 10001 0.733248 195 430 0 1290
362 263 0.829 129 1554.00 1554 77700 0.450000 362 263 0.580352 10001 0.761344 175 450 0 1350
363 262 0.862 133 1617.00 1617 80850 0.450000 363 262 0.580096 10001 0.687872 238 387 0 1161
364 261 0.848 129 1590.00 1590 79500 0.450000 364 261 0.580480 10001 0.698752 232 393 0 1179
365 260 0.842 128 1578.00 1578 78900 0.450000 365 260 0.580544 10001 0.711744 220 405 0 1215
366 259 0.851 137 1596.00 1596 79800 0.450000 366 259 0.580352 10001 0.796480 145 480 0 1440
367 258 0.840 129 1575.00 1575 78750 0.450000 367 258 0.579904 10001 0.753408 182 443 0 1329
368 257 0.842 126 1578.00 1578 78900 0.450000 368 257 0.579776 10001 0.805888 138 487 0 1461
369 256 0.840 127 1575.00 1575 78750 0.450000 369 256 0.579648 10001 0.675328 252 373 0 1119
370 255 0.840 128 1575.00 1575 78750 0.450000 370 255 0.579392 10001 0.678720 245 380 0 1140
371 254 0.856 134 1605.00 1605 80250 0.450000 371 254 0.580288 10001 0.693888 230 395 0 1185
372 253 0.846 137 1587.00 1587 79350 0.450000 372 253 0.579456 10001 0.678144 249 376 0 1128
373 252 0.843 132 1581.00 1581 79050 0.450000 373 252 0.578944 10001 0.773696 167 458 0 1374
374 251 0.843 131 1581.00 1581 79050 0.450000 374 251 0.578688 10001 0.764480 172 453 0 1359
375 250 0.829 132 1554.00 1554 77700 0.450000 375 250 0.578112 10001 0.686208 246 379 0 1137
376 249 0.840 130 1575.00 1575 78750 0.450000 376 249 0.578304 10001 0.643264 292 333 0 999
377 248 0.835 132 1566.00 1566 78300 0.450000 377 248 0.578112 10001 0.815040 132 493 0 1479
378 247 0.837 135 1569.00 1569 78450 0.450000 378 247 0.578368 10001 0.731136 202 423 0 1269
379 246 0.832 129 1560.00 1560 78000 0.450000 379 246 0.578048 10001 0.770432 171 454 0 1362
380 245 0.848 128 1590.00 1590 79500 0.450000 380 245 0.577600 10001 0.756736 182 443 0 1329
381 244 0.838 125 1570.00 1570 78500 0.450000 381 244 0.577920 10001 0.809792 137 488 0 1464
382 243 0.837 133 1569.00 1569 78450 0.450000 382 243 0.577920 10001 0.702464 233 392 0 1176
383 242 0.840 126 1575.00 1575 78750 0.450000 383 242 0.576896 10001 0.632960 307 318 0 954
384 241 0.850 127 1593.00 1593 79650 0.450000 384 241 0.577344 10001 0.753280 183 442 0 1326
385 240 0.840 138 1575.00 1575 78750 0.450000 385 240 0.576896 10001 0.688000 246 379 0 1137
386 239 0.829 128 1554.00 1554 77700 0.450000 386 239 0.577856 10001 0.681728 262 363 0 1089
387 238 0.837 131 1569.00 1569 78450 0.450000 387 238 0.578048 10001 0.827200 125 500 0 1500
388 237 0.835 127 1560.00 1560 78000 0.450000 388 237 0.577984 10001 0.784192 159 466 0 1398
389 236 0.840 123 1575.00 1575 78750 0.450000 389 236 0.578112 10001 0.706496 230 395 0 1185
390 235 0.838 129 1572.00 1572 78600 0.450000 390 235 0.578496 10001 0.787008 153 472 0 1416
391 234 0.837 130 1569.00 1569 78450 0.450000 391 234 0.578112 10001 0.609600 340 285 0 855
392 233 0.840 127 1572.00 1572 78600 0.450000 392 233 0.578304 10001 0.651072 291 334 0 1002
393 232 0.843 132 1581.00 1581 79050 0.450000 393 232 0.578176 10001 0.673664 267 358 0 1074
394 231 0.851 126 1594.00 1594 79700 0.450000 394 231 0.578752 10001 0.626560 327 298 0 894
395 230 0.838 130 1572.00 1572 78600 0.450000 395 230 0.578816 10001 0.682944 263 362 0 1086
396 229 0.835 134 1566.00 1566 78300 0.450000 396 229 0.579648 10001 0.622016 331 294 0 882
397 228 0.842 127 1578.00 1578 78900 0.450000 397 228 0.579328 10001 0.709760 232 393 0 1179
398 227 0.843 132 1581.00 1581 79050 0.450000 398 227 0.578944 10001 0.614528 339 286 0 858
399 226 0.853 124 1599.00 1599 79950 0.450000 399 226 0.578432 10001 0.754240 185 440 0 1320
400 225 0.832 131 1560.00 1560 78000 0.450000 400 225 0.578816 10001 0.609728 344 281 0 843
401 224 0.851 136 1596.00 1596 79800 0.450000 401 224 0.578496 10001 0.654208 292 333 0 999
402 223 0.838 127 1572.00 1572 78600 0.450000 402 223 0.578304 10001 0.622272 332 293 0 879
403 222 0.838 128 1566.00 1566 78300 0.450000 403 222 0.578880 10001 0.781632 162 463 0 1389
404 221 0.832 131 1560.00 1560 78000 0.450000 404 221 0.579008 10001 0.627840 326 299 0 897
405 220 0.837 141 1569.00 1569 78450 0.450000 405 220 0.578816 10001 0.638336 314 311 0 933
406 219 0.827 122 1551.00 1551 77550 0.450000 406 219 0.579584 10001 0.707520 227 398 0 1194
407 218 0.842 123 1578.00 1578 78900 0.450000 407 218 0.579776 10001 0.640768 313 312 0 936
408 217 0.840 130 1575.00 1575 78750 0.450000 408 217 0.579200 10001 0.680832 265 360 0 1080
409 216 0.827 136 1551.00 1551 77550 0.450000 409 216 0.579968 10001 0.629248 331 294 0 882
410 215 0.840 133 1575.00 1575 78750 0.450000 410 215 0.580992 10001 0.635968 323 302 0 906
411 214 0.845 123 1581.00 1581 79050 0.450000 411 214 0.580928 10001 0.609280 358 267 0 801
412 213 0.838 134 1572.00 1572 78600 0.450000 412 213 0.581760 10001 0.621952 342 283 0 849
413 212 0.856 131 1602.00 1602 80100 0.450000 413 212 0.580928 10001 0.683328 263 362 0 1086
414 211 0.840 132 1575.00 1575 78750 0.450000 414 211 0.580800 10001 0.652096 300 325 0 975
415 210 0.838 130 1572.00 1572 78600 0.450000 415 210 0.580544 10001 0.652480 303 322 0 966
416 209 0.834 130 1563.00 1563 78150 0.450000 416 209 0.581248 10001 0.612224 354 271 0 813
417 208 0.850 131 1593.00 1593 79650 0.450000 417 208 0.582400 10001 0.642240 317 308 0 924
418 207 0.822 129 1542.00 1542 77100 0.450000 418 207 0.582400 10001 0.670912 285 340 0 1020
419 206 0.834 139 1563.00 1563 78150 0.450000 419 206 0.583680 10001 0.609280 361 264 0 792
420 205 0.835 136 1565.00 1565 78250 0.450000 420 205 0.584064 10001 0.646144 319 306 0 918
421 204 0.845 136 1584.00 1584 79200 0.450000 421 204 0.584192 10001 0.632576 328 297 0 891
422 203 0.829 134 1554.00 1554 77700 0.450000 422 203 0.584896 10001 0.635200 328 297 0 891
423 202 0.835 139 1566.00 1566 78300 0.450000 423 202 0.585792 10001 0.625920 341 284 0 852
424 201 0.829 127 1554.00 1554 77700 0.450000 424 201 0.585984 10001 0.626816 347 278 0 834
425 200 0.840 138 1573.00 1573 78650 0.450000 425 200 0.587456 10001 0.669888 291 334 0 1002
426 199 0.822 132 1542.00 1542 77100 0.450000 426 199 0.587648 10001 0.643968 324 301 0 903
427 198 0.843 134 1577.00 1577 78850 0.450000 427 198 0.588160 10001 0.840320 115 510 0 1530
428 197 0.832 130 1560.00 1560 78000 0.450000 428 197 0.588544 10001 0.631680 350 275 0 825
429 196 0.819 128 1536.00 1536 76800 0.450000 429 196 0.589376 10001 0.679296 265 360 0 1080
430 195 0.830 127 1557.00 1557 77850 0.450000 430 195 0.589376 10001 0.850432 106 519 0 1557
431 194 0.835 134 1566.00 1566 78300 0.450000 431 194 0.589632 10001 0.731264 223 402 0 1206
432 193 0.832 125 1560.00 1560 78000 0.450000 432 193 0.589312 10001 0.728960 217 408 0 1224
433 192 0.843 127 1581.00 1581 79050 0.450000 433 192 0.589952 10001 0.619776 364 261 0 783
434 191 0.821 131 1539.00 1539 76950 0.450000 434 191 0.591488 10001 0.627584 353 272 0 816
435 190 0.840 135 1575.00 1575 78750 0.450000 435 190 0.592576 10001 0.666752 295 330 0 990
436 189 0.826 137 1548.00 1548 77400 0.450000 436 189 0.592256 10001 0.842944 113 512 0 1536
437 188 0.832 132 1560.00 1560 78000 0.450000 437 188 0.592320 10001 0.599936 399 226 0 678
438 187 0.837 131 1569.00 1569 78450 0.450000 438 187 0.592320 10001 0.626688 358 267 0 801
439 186 0.834 128 1563.00 1563 78150 0.450000 439 186 0.592768 10001 0.618432 369 256 0 768
440 185 0.829 132 1554.00 1554 77700 0.450000 440 185 0.592960 10001 0.622656 367 258 0 774
441 184 0.840 128 1575.00 1575 78750 0.450000 441 184 0.593216 10001 0.666112 300 325 0 975
442 183 0.838 134 1572.00 1572 78600 0.450000 442 183 0.592768 10001 0.648064 325 300 0 900
443 182 0.835 128 1564.00 1564 78200 0.450000 443 182 0.594176 10001 0.874112 90 535 0 1605
444 181 0.845 137 1584.00 1584 79200 0.450000 444 181 0.594560 10001 0.660032 315 310 0 930
445 180 0.819 121 1536.00 1536 76800 0.450000 445 180 0.595328 10001 0.717376 235 390 0 1170
446 179 0.840 134 1575.00 1575 78750 0.450000 446 179 0.596288 10001 0.771328 181 444 0 1332
447 178 0.830 133 1557.00 1557 77850 0.450000 447 178 0.596352 10001 0.619136 378 247 0 741
448 177 0.840 128 1573.00 1573 78650 0.450000 448 177 0.597312 10001 0.786432 165 460 0 1380
449 176 0.837 129 1569.00 1569 78450 0.450000 449 176 0.597888 10001 0.642944 348 277 0 831
450 175 0.829 130 1554.00 1554 77700 0.450000 450 175 0.599104 10001 0.668352 306 319 0 957
451 174 0.832 133 1557.00 1557 77850 0.450000 451 174 0.600704 10001 0.635648 365 260 0 780
452 173 0.837 131 1569.00 1569 78450 0.450000 452 173 0.600768 10001 0.630592 371 254 0 762
453 172 0.832 126 1560.00 1560 78000 0.450000 453 172 0.601728 10001 0.625472 376 249 0 747
454 171 0.834 123 1560.00 1560 78000 0.450000 454 171 0.602944 10001 0.629696 373 252 0 756
455 170 0.830 124 1557.00 1557 77850 0.450000 455 170 0.603136 10001 0.690496 275 350 0 1050
456 169 0.837 135 1569.00 1569 78450 0.450000 456 169 0.604352 10001 0.663104 321 304 0 912
457 168 0.826 134 1548.00 1548 77400 0.450000 457 168 0.605120 10001 0.623488 383 242 0 726
458 167 0.851 130 1596.00 1596 79800 0.450000 458 167 0.605696 10001 0.681152 286 339 0 1017
459 166 0.830 141 1557.00 1557 77850 0.450000 459 166 0.605888 10001 0.630400 367 258 0 774
460 165 0.845 135 1584.00 1584 79200 0.450000 460 165 0.606336 10001 0.628864 381 244 0 732
461 164 0.829 131 1554.00 1554 77700 0.450000 461 164 0.606784 10001 0.716160 243 382 0 1146
462 163 0.835 132 1566.00 1566 78300 0.450000 462 163 0.608768 10001 0.742656 210 415 0 1245
463 162 0.838 132 1572.00 1572 78600 0.450000 463 162 0.610368 10001 0.675456 300 325 0 975
464 161 0.826 129 1548.00 1548 77400 0.450000 464 161 0.611456 10001 0.738688 219 406 0 1218
465 160 0.832 130 1560.00 1560 78000 0.450000 465 160 0.611328 10001 0.773184 179 446 0 1338
466 159 0.824 138 1545.00 1545 77250 0.450000 466 159 0.611392 10001 0.689472 284 341 0 1023
467 158 0.835 133 1566.00 1566 78300 0.450000 467 158 0.611840 10001 0.636032 374 251 0 753
468 157 0.830 131 1557.00 1557 77850 0.450000 468 157 0.613440 10001 0.819840 135 490 0 1470
469 156 0.837 136 1561.00 1561 78050 0.450000 469 156 0.614016 7653 1.000000 0 625 0 1875 14.172685
470 155 0.848 131 1590.00 1590 79500 0.450000 470 155 0.615040 10001 0.891840 75 550 0 1650
471 154 0.837 128 1569.00 1569 78450 0.450000 471 154 0.615488 10001 0.663744 326 299 0 897
472 153 0.832 127 1559.00 1559 77950 0.450000 472 153 0.616256 10001 0.644928 364 261 0 783
473 152 0.842 134 1577.00 1577 78850 0.450000 473 152 0.616512 10001 0.806656 144 481 0 1443
474 151 0.834 132 1563.00 1563 78150 0.450000 474 151 0.618560 10001 0.682688 285 340 0 1020
475 150 0.832 134 1553.00 1553 77650 0.450000 475 150 0.619520 10001 0.660288 331 294 0 882
476 149 0.845 136 1584.00 1584 79200 0.450000 476 149 0.620544 10001 0.620864 431 194 0 582
477 148 0.840 133 1575.00 1575 78750 0.450000 477 148 0.620672 10001 0.666496 324 301 0 903
478 147 0.816 126 1530.00 1530 76500 0.450000 478 147 0.621952 10001 0.689728 290 335 0 1005
479 146 0.838 137 1570.00 1570 78500 0.450000 479 146 0.623104 10001 0.657600 337 288 0 864
480 145 0.827 132 1551.00 1551 77550 0.450000 480 145 0.623936 10001 0.799872 156 469 0 1407
481 144 0.834 131 1563.00 1563 78150 0.450000 481 144 0.625600 10001 0.652480 349 276 0 828
482 143 0.848 129 1590.00 1590 79500 0.450000 482 143 0.627392 10001 0.721344 242 383 0 1149
483 142 0.832 131 1560.00 1560 78000 0.450000 483 142 0.628544 10001 0.880896 84 541 0 1623
484 141 0.822 131 1541.00 1541 77050 0.450000 484 141 0.629632 10001 0.649408 398 227 0 681
485 140 0.845 128 1584.00 1584 79200 0.450000 485 140 0.630656 8631 1.000000 0 625 0 1875 13.595418
486 139 0.840 134 1575.00 1575 78750 0.450000 486 139 0.631232 10001 0.658304 343 282 0 846
487 138 0.826 129 1548.00 1548 77400 0.450000 487 138 0.632960 10001 0.911616 61 564 0 1692
488 137 0.850 145 1593.00 1593 79650 0.450000 488 137 0.634496 10001 0.635456 419 206 0 618
489 136 0.830 131 1557.00 1557 77850 0.450000 489 136 0.635904 10001 0.878912 86 539 0 1617
490 135 0.829 126 1554.00 1554 77700 0.450000 490 135 0.638464 10001 0.635008 435 190 0 570
491 134 0.845 129 1584.00 1584 79200 0.450000 491 134 0.640256 8244 1.000000 0 625 0 1875 13.586969
492 133 0.842 131 1578.00 1578 78900 0.450000 492 133 0.641792 10001 0.682624 322 303 0 909
493 132 0.835 127 1566.00 1566 78300 0.450000 493 132 0.643456 10001 0.644608 415 210 0 630
494 131 0.845 131 1584.00 1584 79200 0.450000 494 131 0.645376 10001 0.674688 332 293 0 879
495 130 0.832 135 1560.00 1560 78000 0.450000 495 130 0.645760 10001 0.882944 83 542 0 1626
496 129 0.840 129 1573.00 1573 78650 0.450000 496 129 0.646720 10001 0.894464 74 551 0 1653
497 128 0.822 125 1542.00 1542 77100 0.450000 497 128 0.649216 10001 0.780672 174 451 0 1353
498 127 0.837 138 1569.00 1569 78450 0.450000 498 127 0.650432 10001 0.683904 316 309 0 927
499 126 0.830 125 1557.00 1557 77850 0.450000 499 126 0.651968 10001 0.679040 328 297 0 891
500 125 0.842 143 1578.00 1578 78900 0.450000 500 125 0.653888 10001 0.681920 325 300 0 900
501 124 0.834 124 1560.00 1560 78000 0.450000 501 124 0.655296 10001 0.880000 84 541 0 1623
502 123 0.851 143 1596.00 1596 79800 0.450000 502 123 0.657088 10001 0.657920 395 230 0 690
503 122 0.842 132 1578.00 1578 78900 0.450000 503 122 0.658432 10001 0.672896 346 279 0 837
504 121 0.838 136 1572.00 1572 78600 0.450000 504 121 0.659648 10001 0.862976 99 526 0 1578
505 120 0.840 133 1575.00 1575 78750 0.450000 505 120 0.661120 10001 0.659136 394 231 0 693
506 119 0.835 136 1564.00 1564 78200 0.450000 506 119 0.662528 1203 1.000000 0 625 0 1875 13.750643
507 118 0.830 137 1557.00 1557 77850 0.450000 507 118 0.664128 10001 0.677888 337 288 0 864
508 117 0.829 125 1554.00 1554 77700 0.450000 508 117 0.666176 10001 0.878784 85 540 0 1620
509 116 0.837 132 1569.00 1569 78450 0.450000 509 116 0.668160 10001 0.679424 343 282 0 846
510 115 0.826 134 1548.00 1548 77400 0.450000 510 115 0.670080 822 1.000000 0 625 0 1875 12.052513
511 114 0.837 124 1569.00 1569 78450 0.450000 511 114 0.672128 10001 0.665792 370 255 0 765
512 113 0.835 132 1566.00 1566 78300 0.450000 512 113 0.674304 10001 0.672384 347 278 0 834
513 112 0.835 129 1566.00 1566 78300 0.450000 513 112 0.676032 10001 0.912896 60 565 0 1695
514 111 0.845 135 1584.00 1584 79200 0.450000 514 111 0.678528 10001 0.663872 441 184 0 552
515 110 0.837 131 1569.00 1569 78450 0.450000 515 110 0.680320 10001 0.660160 455 170 0 510
516 109 0.853 137 1599.00 1599 79950 0.450000 516 109 0.681728 10001 0.898304 72 553 0 1659
517 108 0.826 129 1548.00 1548 77400 0.450000 517 108 0.683520 10001 0.676608 363 262 0 786
518 107 0.832 133 1560.00 1560 78000 0.450000 518 107 0.685248 5358 1.000000 0 625 0 1875 14.300116
519 106 0.848 136 1588.00 1588 79400 0.450000 519 106 0.687680 2740 1.000000 0 625 0 1875 13.060989
520 105 0.842 128 1578.00 1578 78900 0.450000 520 105 0.689856 10001 0.673280 443 182 0 546
521 104 0.848 136 1586.00 1586 79300 0.450000 521 104 0.692224 10001 0.674112 449 176 0 528
522 103 0.840 130 1575.00 1575 78750 0.450000 522 103 0.694208 10001 0.889088 78 547 0 1641
523 102 0.827 136 1551.00 1551 77550 0.450000 523 102 0.695232 10001 0.677376 390 235 0 705
524 101 0.842 128 1578.00 1578 78900 0.450000 524 101 0.698176 1139 1.000000 0 625 0 1875 10.986534
525 100 0.851 142 1596.00 1596 79800 0.450000 525 100 0.700096 10001 0.679232 401 224 0 672
526 99 0.834 130 1563.00 1563 78150 0.450000 526 99 0.702272 10001 0.941696 40 585 0 1755
527 98 0.835 136 1566.00 1566 78300 0.450000 527 98 0.704256 10001 0.681792 400 225 0 675
528 97 0.832 143 1560.00 1560 78000 0.450000 528 97 0.706496 10001 0.681152 409 216 0 648
529 96 0.845 136 1584.00 1584 79200 0.450000 529 96 0.708160 10001 0.889216 77 548 0 1644
530 95 0.840 132 1569.00 1569 78450 0.450000 530 95 0.710784 10001 0.883520 83 542 0 1626
531 94 0.835 132 1566.00 1566 78300 0.450000 531 94 0.713280 10001 0.711360 299 326 0 978
532 93 0.842 131 1578.00 1578 78900 0.450000 532 93 0.715264 10001 0.918400 56 569 0 1707
533 92 0.840 122 1575.00 1575 78750 0.450000 533 92 0.717696 10001 0.684480 486 139 0 417
534 91 0.827 129 1551.00 1551 77550 0.450000 534 91 0.720576 10001 0.685376 379 246 0 738
535 90 0.837 138 1569.00 1569 78450 0.450000 535 90 0.722496 3669 1.000000 0 625 0 1875 13.619670
536 89 0.832 130 1560.00 1560 78000 0.450000 536 89 0.724224 10001 0.721600 264 361 0 1083
537 88 0.829 136 1554.00 1554 77700 0.450000 537 88 0.726336 825 1.000000 0 625 0 1875 12.564475
538 87 0.837 126 1569.00 1569 78450 0.450000 538 87 0.729344 10001 0.833536 126 499 0 1497
539 86 0.824 126 1545.00 1545 77250 0.450000 539 86 0.730624 10001 0.747648 224 401 0 1203
540 85 0.821 127 1532.00 1532 76600 0.450000 540 85 0.732864 10001 0.885824 80 545 0 1635
541 84 0.848 127 1590.00 1590 79500 0.450000 541 84 0.735360 10001 0.843264 114 511 0 1533
542 83 0.843 135 1581.00 1581 79050 0.450000 542 83 0.737536 10001 0.900608 69 556 0 1668
543 82 0.830 135 1557.00 1557 77850 0.450000 543 82 0.739904 10001 0.701184 323 302 0 906
544 81 0.843 131 1581.00 1581 79050 0.450000 544 81 0.742336 9054 1.000000 0 625 0 1875 12.964286
545 80 0.832 137 1560.00 1560 78000 0.450000 545 80 0.744256 10001 0.702144 495 130 0 390
546 79 0.813 130 1524.00 1524 76200 0.450000 546 79 0.746304 10001 0.702080 481 144 0 432
547 78 0.826 134 1548.00 1548 77400 0.450000 547 78 0.749184 10001 0.701824 480 145 0 435
548 77 0.834 127 1563.00 1563 78150 0.450000 548 77 0.751680 10001 0.885952 81 544 0 1632
549 76 0.837 129 1569.00 1569 78450 0.450000 549 76 0.754304 10001 0.699776 463 162 0 486
550 75 0.842 134 1578.00 1578 78900 0.450000 550 75 0.756800 10001 0.691136 371 254 0 762
551 74 0.818 131 1533.00 1533 76650 0.450000 551 74 0.759552 10001 0.879744 85 540 0 1620
552 73 0.834 133 1561.00 1561 78050 0.450000 552 73 0.762432 10001 0.907392 64 561 0 1683
553 72 0.826 127 1548.00 1548 77400 0.450000 553 72 0.765248 10001 0.862080 100 525 0 1575
554 71 0.824 130 1545.00 1545 77250 0.450000 554 71 0.768384 10001 0.707840 472 153 0 459
555 70 0.834 122 1563.00 1563 78150 0.450000 555 70 0.771392 10001 0.883648 83 542 0 1626
556 69 0.838 132 1572.00 1572 78600 0.450000 556 69 0.772992 2744 1.000000 0 625 0 1875 13.118406
557 68 0.850 126 1593.00 1593 79650 0.450000 557 68 0.775936 3065 1.000000 0 625 0 1875 11.070500
558 67 0.830 132 1557.00 1557 77850 0.450000 558 67 0.778240 10001 0.716992 487 138 0 414
559 66 0.827 146 1551.00 1551 77550 0.450000 559 66 0.781504 1185 1.000000 0 625 0 1875 14.077584
560 65 0.838 128 1572.00 1572 78600 0.450000 560 65 0.783936 1133 1.000000 0 625 0 1875 10.858675
561 64 0.837 138 1566.00 1566 78300 0.450000 561 64 0.785792 10001 0.740544 238 387 0 1161
562 63 0.832 126 1560.00 1560 78000 0.450000 562 63 0.788672 10001 0.708480 398 227 0 681
563 62 0.843 131 1581.00 1581 79050 0.450000 563 62 0.791104 2225 1.000000 0 625 0 1875 11.875451
564 61 0.830 136 1557.00 1557 77850 0.450000 564 61 0.792768 6211 1.000000 0 625 0 1875 13.246275
565 60 0.829 137 1554.00 1554 77700 0.450000 565 60 0.795840 686 1.000000 0 625 0 1875 12.289296
566 59 0.824 135 1545.00 1545 77250 0.450000 566 59 0.798592 1104 1.000000 0 625 0 1875 12.378616
567 58 0.826 131 1548.00 1548 77400 0.450000 567 58 0.801984 10001 0.712960 402 223 0 669
568 57 0.821 136 1539.00 1539 76950 0.450000 568 57 0.804160 10001 0.736064 475 150 0 450
569 56 0.843 124 1581.00 1581 79050 0.450000 569 56 0.807040 10001 0.736512 486 139 0 417
570 55 0.835 130 1563.00 1563 78150 0.450000 570 55 0.809280 10001 0.719104 318 307 0 921
571 54 0.830 132 1557.00 1557 77850 0.450000 571 54 0.812352 10001 0.722496 316 309 0 927
572 53 0.838 131 1572.00 1572 78600 0.450000 572 53 0.814336 10001 0.742336 490 135 0 405
573 52 0.835 129 1566.00 1566 78300 0.450000 573 52 0.817792 6474 1.000000 0 625 0 1875 12.187464
574 51 0.846 128 1587.00 1587 79350 0.450000 574 51 0.819968 2290 1.000000 0 625 0 1875 11.256664
575 50 0.846 137 1587.00 1587 79350 0.450000 575 50 0.822784 10001 0.889024 79 546 0 1638
576 49 0.842 137 1578.00 1578 78900 0.450000 576 49 0.826176 10001 0.714944 308 317 0 951
577 48 0.840 139 1575.00 1575 78750 0.450000 577 48 0.828992 10001 0.717632 298 327 0 981
578 47 0.834 129 1563.00 1563 78150 0.450000 578 47 0.831936 10001 0.762432 523 102 0 306
579 46 0.846 131 1587.00 1587 79350 0.450000 579 46 0.834560 10001 0.849344 110 515 0 1545
580 45 0.845 134 1584.00 1584 79200 0.450000 580 45 0.837760 10001 0.753472 498 127 0 381
581 44 0.829 134 1554.00 1554 77700 0.450000 581 44 0.841600 10001 0.885888 81 544 0 1632
582 43 0.832 139 1560.00 1560 78000 0.450000 582 43 0.844928 10001 0.752192 498 127 0 381
583 42 0.827 132 1551.00 1551 77550 0.450000 583 42 0.848512 10001 0.763968 500 125 0 375
584 41 0.838 140 1572.00 1572 78600 0.450000 584 41 0.851008 1556 1.000000 0 625 0 1875 13.071529
585 40 0.838 130 1572.00 1572 78600 0.450000 585 40 0.853440 10001 0.871552 94 531 0 1593
586 39 0.838 139 1572.00 1572 78600 0.450000 586 39 0.857024 5202 1.000000 0 625 0 1875 14.535709
587 38 0.838 135 1569.00 1569 78450 0.450000 587 38 0.860544 10001 0.779648 530 95 0 285
588 37 0.829 125 1554.00 1554 77700 0.450000 588 37 0.864256 10001 0.865408 98 527 0 1581
589 36 0.837 130 1569.00 1569 78450 0.450000 589 36 0.867264 10001 0.769728 504 121 0 363
590 35 0.834 135 1560.00 1560 78000 0.450000 590 35 0.870336 10001 0.774464 514 111 0 333
591 34 0.821 122 1539.00 1539 76950 0.450000 591 34 0.873664 10001 0.903616 68 557 0 1671
592 33 0.840 132 1575.00 1575 78750 0.450000 592 33 0.877248 10001 0.776640 498 127 0 381
593 32 0.842 128 1574.00 1574 78700 0.450000 593 32 0.880960 5129 1.000000 0 625 0 1875 11.886446
594 31 0.837 131 1569.00 1569 78450 0.450000 594 31 0.884544 6129 1.000000 0 625 0 1875 14.355750
595 30 0.824 128 1545.00 1545 77250 0.450000 595 30 0.887552 10001 0.782080 510 115 0 345
596 29 0.838 132 1572.00 1572 78600 0.450000 596 29 0.891200 10001 0.786752 517 108 0 324
597 28 0.834 131 1563.00 1563 78150 0.450000 597 28 0.894528 10001 0.789440 512 113 0 339
598 27 0.827 136 1551.00 1551 77550 0.450000 598 27 0.897088 10001 0.740032 417 208 0 624
599 26 0.822 134 1542.00 1542 77100 0.450000 599 26 0.900800 10001 0.789696 181 444 0 1332
600 25 0.822 126 1542.00 1542 77100 0.450000 600 25 0.904256 10001 0.795264 516 109 0 327
601 24 0.834 136 1563.00 1563 78150 0.450000 601 24 0.908224 10001 0.787456 180 445 0 1335
602 23 0.850 133 1581.00 1581 79050 0.450000 602 23 0.911936 6820 1.000000 0 625 0 1875 14.084241
603 22 0.821 138 1539.00 1539 76950 0.450000 603 22 0.915264 10001 0.801280 520 105 0 315
604 21 0.840 127 1573.00 1573 78650 0.450000 604 21 0.918336 10001 0.729472 344 281 0 843
605 20 0.835 133 1566.00 1566 78300 0.450000 605 20 0.922048 9345 1.000000 0 625 0 1875 13.309700
606 19 0.834 130 1563.00 1563 78150 0.450000 606 19 0.925888 10001 0.808192 518 107 0 321
607 18 0.832 129 1555.00 1555 77750 0.450000 607 18 0.929600 10001 0.809856 521 104 0 312
608 17 0.838 124 1572.00 1572 78600 0.450000 608 17 0.933312 10001 0.816448 534 91 0 273
609 16 0.827 133 1551.00 1551 77550 0.450000 609 16 0.937024 10001 0.898880 72 553 0 1659
610 15 0.854 131 1602.00 1602 80100 0.450000 610 15 0.940736 10001 0.821184 139 486 0 1458
611 14 0.835 123 1566.00 1566 78300 0.450000 611 14 0.944576 10001 0.735680 329 296 0 888
612 13 0.835 134 1566.00 1566 78300 0.450000 612 13 0.948288 10001 0.737856 343 282 0 846
613 12 0.837 129 1569.00 1569 78450 0.450000 613 12 0.952384 10001 0.756672 426 199 0 597
614 11 0.834 127 1563.00 1563 78150 0.450000 614 11 0.956224 10001 0.759360 439 186 0 558
615 10 0.829 124 1554.00 1554 77700 0.450000 615 10 0.959680 2295 1.000000 0 625 0 1875 10.644744
616 9 0.829 127 1551.00 1551 77550 0.450000 616 9 0.963648 10001 0.833472 527 98 0 294
617 8 0.840 139 1575.00 1575 78750 0.450000 617 8 0.967616 1445 1.000000 0 625 0 1875 12.763914
618 7 0.834 131 1563.00 1563 78150 0.450000 618 7 0.971712 10001 0.838848 530 95 0 285
619 6 0.824 133 1545.00 1545 77250 0.450000 619 6 0.975552 5417 1.000000 0 625 0 1875 13.166397
620 5 0.829 132 1554.00 1554 77700 0.450000 620 5 0.979648 10001 0.837120 530 95 0 285
621 4 0.830 128 1557.00 1557 77850 0.450000 621 4 0.983744 10001 0.740288 333 292 0 876
622 3 0.840 139 1575.00 1575 78750 0.450000 622 3 0.987712 10001 0.842304 531 94 0 282
623 2 0.853 140 1599.00 1599 79950 0.450000 623 2 0.991808 10001 0.860544 102 523 0 1569
624 1 0.821 133 1539.00 1539 76950 0.450000 624 1 0.995904 10001 0.767040 438 187 0 561
625 0 0.826 126 1548.00 1548 77400 0.450000 625 0 1.000000 1699 1.000000 0 625 0 1875 11.794197
