0 256 1.000 0 0.00 0 0 0.040000 0.135920
1 255 0.996 0 0.00 0 0 0.040000 0.172155
2 254 0.993 0 0.00 0 0 0.040000 0.068351
3 253 0.989 0 0.00 0 0 0.040000 0.068370
4 252 0.985 0 0.00 0 0 0.040000 0.068834
5 251 0.982 0 0.00 0 0 0.040000 0.068647
6 250 0.978 0 0.00 0 0 0.040000 0.068059
7 249 0.974 0 0.00 0 0 0.040000 0.068718
8 248 0.970 0 0.00 0 0 0.040000 0.068753
9 247 0.967 0 0.00 0 0 0.040000 0.068703
10 246 0.963 0 0.00 0 0 0.040000 0.069844
11 245 0.960 0 0.00 0 0 0.040000 0.069370
12 244 0.956 0 0.00 0 0 0.040000 0.068572
13 243 0.952 0 0.00 0 0 0.040000 0.068667
14 242 0.948 0 0.00 0 0 0.040000 0.068506
15 241 0.945 0 0.00 0 0 0.040000 0.069409
16 240 0.941 0 0.00 0 0 0.040000 0.068876
17 239 0.937 0 0.00 0 0 0.040000 0.073933
18 238 0.932 0 0.00 0 0 0.040000 0.068662
19 237 0.928 0 0.00 0 0 0.040000 0.069604
20 236 0.925 0 0.00 0 0 0.040000 0.068780
21 235 0.922 0 0.00 0 0 0.040000 0.069468
22 234 0.918 0 0.00 0 0 0.040000 0.069408
23 233 0.915 0 0.00 0 0 0.040000 0.068773
24 232 0.911 0 0.00 0 0 0.040000 0.068964
25 231 0.907 0 0.00 0 0 0.040000 0.069354
26 230 0.904 0 0.00 0 0 0.040000 0.069575
27 229 0.900 0 0.00 0 0 0.040000 0.069570
28 228 0.910 1 699.93 726 279972 0.040000 0.158107
29 227 0.902 1 697.34 715 278936 0.040000 0.158725
30 226 0.918 3 701.28 720 280513 0.040000 0.326144
31 225 0.911 3 699.29 721 279716 0.040000 0.433492
32 224 0.907 3 697.38 722 278951 0.040000 0.330363
33 223 0.909 3 696.72 719 278687 0.040000 0.336585
34 222 0.926 3 694.14 717 277655 0.040000 0.334776
35 221 0.907 2 688.39 708 275355 0.040000 0.247671
36 220 0.932 6 693.26 723 277304 0.040000 0.581349
37 219 0.903 4 688.38 714 275354 0.040000 0.418533
38 218 0.909 4 688.61 715 275442 0.040000 0.425909
39 217 0.914 6 690.30 719 276120 0.040000 0.698401
40 216 0.915 6 689.82 719 275927 0.040000 0.595508
41 215 0.918 4 682.71 708 273083 0.040000 0.428013
42 214 0.912 5 684.43 716 273772 0.040000 0.516568
43 213 0.903 7 687.92 724 275169 0.040000 0.687566
44 212 0.941 7 683.52 719 273407 0.040000 0.678630
45 211 0.933 6 679.63 709 271854 0.040000 0.599671
46 210 0.918 6 683.20 717 273280 0.040000 0.713031
47 209 0.908 6 678.13 707 271251 0.040000 0.614296
48 208 0.918 9 681.37 707 272548 0.040000 0.913045
49 207 0.906 5 673.53 703 269412 0.040000 0.526674
50 206 0.918 8 677.61 707 271045 0.040000 0.786131
51 205 0.917 9 679.89 711 271957 0.040000 0.890070
52 204 0.920 8 675.19 706 270075 0.040000 0.787814
53 203 0.914 7 672.50 699 269000 0.040000 0.708775
54 202 0.921 9 674.88 702 269951 0.040000 0.904904
55 201 0.902 6 668.15 696 267260 0.040000 0.625626
56 200 0.903 7 667.14 699 266858 0.040000 0.709277
57 199 0.902 8 669.69 710 267875 0.040000 0.808216
58 198 0.910 8 666.81 700 266723 0.040000 0.800238
59 197 0.903 8 667.85 695 267140 0.040000 0.801703
60 196 0.902 7 663.87 694 265549 0.040000 0.720365
61 195 0.933 11 666.87 702 266748 0.040000 1.069087
62 194 0.913 11 662.97 692 265188 0.040000 1.060555
63 193 0.925 9 662.32 698 264928 0.040000 0.900904
64 192 0.926 10 659.85 693 263941 0.040000 0.983229
65 191 0.922 9 659.75 691 263902 0.040000 0.906537
66 190 0.916 9 656.59 690 262637 0.040000 0.901260
67 189 0.906 7 655.40 679 262159 0.040000 0.728136
68 188 0.914 9 655.82 683 262328 0.040000 0.907402
69 187 0.903 11 655.45 689 262178 0.040000 1.083597
70 186 0.939 11 653.97 693 261587 0.040000 1.091855
71 185 0.913 11 652.50 687 260998 0.040000 1.085467
72 184 0.914 11 651.23 688 260492 0.040000 1.085119
73 183 0.912 8 648.13 682 259253 0.040000 0.827144
74 182 0.901 10 647.73 679 259092 0.040000 1.002569
75 181 0.904 10 645.12 679 258049 0.040000 1.003128
76 180 0.902 9 643.51 689 257403 0.040000 0.926016
77 179 0.917 14 643.34 681 257336 0.040000 1.335686
78 178 0.936 11 643.01 684 257206 0.040000 1.099776
79 177 0.902 11 642.64 679 257055 0.040000 1.094962
80 176 0.909 11 640.48 679 256190 0.040000 1.098909
81 175 0.901 8 637.57 667 255026 0.040000 0.837899
82 174 0.902 14 635.50 677 254201 0.040000 1.338299
83 173 0.903 9 637.59 668 255035 0.040000 0.930492
84 172 0.910 15 632.68 667 253074 0.040000 1.455653
85 171 0.919 11 633.42 667 253367 0.040000 1.111060
86 170 0.941 17 627.10 668 250841 0.040000 1.609617
87 169 0.921 13 629.74 666 251895 0.040000 1.294726
88 168 0.913 12 628.63 678 251452 0.040000 1.213682
89 167 0.905 11 628.74 672 251495 0.040000 1.124294
90 166 0.909 14 624.54 666 249818 0.040000 1.364725
91 165 0.919 13 622.88 664 249154 0.040000 1.296522
92 164 0.942 15 618.77 657 247508 0.040000 1.464234
93 163 0.900 14 619.49 667 247794 0.040000 1.383333
94 162 0.920 14 619.99 666 247995 0.040000 1.385297
95 161 0.943 12 622.61 655 249044 0.040000 1.211566
96 160 0.909 12 618.03 661 247214 0.040000 1.210361
97 159 0.916 16 615.11 657 246042 0.040000 1.543231
98 158 0.902 15 614.36 655 245742 0.040000 1.450795
99 157 0.913 14 616.66 666 246666 0.040000 1.380410
100 156 0.935 16 616.39 659 246557 0.040000 1.551945
101 155 0.924 15 612.91 648 245166 0.040000 1.460810
102 154 0.908 13 614.72 660 245886 0.040000 1.291684
103 153 0.920 14 611.32 652 244527 0.040000 1.385077
104 152 0.908 14 611.74 652 244694 0.040000 1.383136
105 151 0.910 16 609.04 661 243617 0.040000 1.553181
106 150 0.902 14 609.08 660 243633 0.040000 1.380779
107 149 0.925 16 602.47 639 240986 0.040000 1.532871
108 148 0.939 15 603.48 641 241391 0.040000 1.471678
109 147 0.913 14 605.17 648 242067 0.040000 1.378263
110 146 0.920 15 602.68 638 241074 0.040000 1.465760
111 145 0.901 15 604.91 643 241966 0.040000 1.472962
112 144 0.943 13 603.32 650 241326 0.040000 1.297202
113 143 0.912 13 605.32 645 242128 0.040000 1.318776
114 142 0.932 17 597.11 649 238844 0.040000 1.636186
115 141 0.919 15 600.96 642 240385 0.040000 1.465349
116 140 0.925 14 597.56 647 239025 0.040000 1.392071
117 139 0.904 14 597.81 645 239125 0.040000 1.396212
118 138 0.928 14 596.02 640 238409 0.040000 1.392965
119 137 0.919 14 597.73 637 239090 0.040000 1.398087
120 136 0.905 14 595.85 646 238339 0.040000 1.395652
121 135 0.913 19 591.51 633 236604 0.040000 1.801244
122 134 0.935 16 593.27 648 237308 0.040000 1.563489
123 133 0.900 11 597.38 640 238950 0.040000 1.140289
124 132 0.912 14 593.09 632 237237 0.040000 1.397449
125 131 0.903 15 593.59 635 237436 0.040000 1.480946
126 130 0.940 19 585.59 627 234236 0.040000 1.818557
127 129 0.917 17 586.34 637 234536 0.040000 1.652092
128 128 0.947 18 583.40 632 233362 0.040000 1.736546
129 127 0.900 13 590.10 644 236039 0.040000 1.319067
130 126 0.906 13 586.39 631 234558 0.040000 1.323913
131 125 0.911 16 584.84 640 233937 0.040000 1.571870
132 124 0.939 15 581.94 637 232777 0.040000 1.485933
133 123 0.931 19 576.75 620 230700 0.040000 1.815223
134 122 0.902 15 580.71 624 232285 0.040000 1.502934
135 121 0.916 18 574.60 617 229841 0.040000 1.739293
136 120 0.908 10 587.23 635 234892 0.040000 1.067783
137 119 0.925 18 574.01 614 229605 0.040000 1.747864
138 118 0.959 19 576.40 616 230562 0.040000 1.842404
139 117 0.923 12 581.45 623 232578 0.040000 1.240590
140 116 0.901 13 580.41 622 232163 0.040000 1.327448
141 115 0.909 17 575.72 622 230287 0.040000 1.677478
142 114 0.910 15 577.60 640 231039 0.040000 1.500997
143 113 0.932 22 560.27 604 224109 0.040000 2.080325
144 112 0.913 17 572.33 616 228933 0.040000 1.673522
145 111 0.920 16 576.48 620 230593 0.040000 1.594840
146 110 0.955 22 562.53 616 225011 0.040000 2.081190
147 109 0.916 20 567.09 612 226834 0.040000 1.916726
148 108 0.905 19 562.38 609 224952 0.040000 1.845292
149 107 0.907 17 570.79 614 228316 0.040000 1.682691
150 106 0.924 20 563.04 604 225218 0.040000 1.922719
151 105 0.910 20 563.90 604 225562 0.040000 1.936529
152 104 0.902 14 575.83 622 230332 0.040000 1.430688
153 103 0.921 17 565.68 620 226272 0.040000 1.684917
154 102 0.910 21 557.57 614 223029 0.040000 2.009036
155 101 0.905 22 557.06 605 222824 0.040000 3.117549
156 100 0.943 20 564.95 617 225980 0.040000 2.010181
157 99 0.925 16 565.77 628 226309 0.040000 1.641039
158 98 0.924 17 566.72 617 226687 0.040000 1.730054
159 97 0.920 15 567.63 617 227051 0.040000 1.549172
160 96 0.903 15 567.37 612 226947 0.040000 1.567948
161 95 0.903 17 562.29 604 224916 0.040000 1.756991
162 94 0.910 20 555.47 608 222187 0.040000 2.037394
163 93 0.928 17 560.82 609 224327 0.040000 1.788754
164 92 0.920 17 562.06 604 224823 0.040000 1.800233
165 91 0.935 16 559.16 606 223665 0.040000 1.694718
166 90 0.915 18 559.03 603 223611 0.040000 1.877884
167 89 0.913 17 564.90 606 225959 0.040000 1.791045
168 88 0.909 17 561.08 609 224430 0.040000 1.771945
169 87 0.927 16 559.94 608 223975 0.040000 1.687657
170 86 0.901 15 563.56 605 225424 0.040000 1.610688
171 85 0.902 14 565.47 614 226187 0.040000 1.512818
172 84 0.919 17 558.03 603 223213 0.040000 1.758075
173 83 0.966 17 555.96 611 222384 0.040000 1.747295
174 82 0.902 14 562.34 610 224936 0.040000 1.477277
175 81 0.925 13 562.93 616 225174 0.040000 1.373957
176 80 0.908 14 562.36 614 224942 0.040000 1.471294
177 79 0.915 15 558.44 606 223377 0.040000 1.547090
178 78 0.925 16 556.15 614 222461 0.040000 1.623666
179 77 0.910 17 553.62 598 221450 0.040000 1.729682
180 76 0.943 19 554.89 603 221955 0.040000 1.878099
181 75 0.901 16 551.96 601 220783 0.040000 1.621031
182 74 0.904 17 552.12 633 220849 0.040000 1.719272
183 73 0.961 20 544.27 598 217710 0.040000 1.949346
184 72 0.901 19 545.03 593 218012 0.040000 1.874878
185 71 0.921 23 543.62 584 217447 0.040000 2.228023
186 70 0.916 20 544.58 598 217830 0.040000 1.950764
187 69 0.959 21 543.99 588 217596 0.040000 2.061032
188 68 0.926 13 555.35 608 222141 0.040000 1.351857
189 67 0.905 17 552.89 598 221155 0.040000 1.706899
190 66 0.919 16 554.34 603 221736 0.040000 1.649568
191 65 0.912 15 554.79 599 221918 0.040000 1.552140
192 64 0.908 21 539.73 589 215893 0.040000 2.054256
193 63 0.920 16 551.61 612 220643 0.040000 1.631946
194 62 0.906 14 556.45 597 222579 0.040000 1.460960
195 61 0.902 17 549.30 596 219720 0.040000 1.728680
196 60 0.900 14 553.70 606 221479 0.040000 1.477943
197 59 0.918 18 542.44 601 216975 0.040000 1.824244
198 58 0.925 16 551.34 614 220537 0.040000 1.660288
199 57 0.908 13 557.55 605 223020 0.040000 1.406651
200 56 0.936 15 549.56 611 219823 0.040000 1.580930
201 55 0.904 10 562.80 612 225119 0.040000 1.114792
202 54 0.927 18 542.54 595 217017 0.040000 1.848861
203 53 0.929 17 543.30 598 217319 0.040000 1.717077
204 52 0.916 15 548.64 598 219456 0.040000 1.554982
205 51 0.911 17 545.21 599 218083 0.040000 1.736166
206 50 0.903 18 541.85 605 216739 0.040000 1.810545
207 49 0.977 14 549.89 605 219957 0.040000 1.465308
208 48 0.911 15 549.05 632 219619 0.040000 1.561372
209 47 0.948 19 538.53 590 215411 0.040000 1.931374
210 46 0.901 13 556.10 612 222441 0.040000 1.379025
211 45 0.915 15 545.69 591 218276 0.040000 1.547950
212 44 0.914 19 538.75 601 215498 0.040000 1.904125
213 43 0.942 15 548.04 623 219215 0.040000 1.559522
214 42 0.920 16 543.60 607 217440 0.040000 1.648660
215 41 0.912 16 543.36 586 217342 0.040000 1.654819
216 40 0.906 18 537.14 590 214857 0.040000 1.823821
217 39 0.913 16 540.88 580 216352 0.040000 1.642303
218 38 0.926 18 541.08 589 216431 0.040000 1.812259
219 37 0.914 17 538.95 589 215578 0.040000 1.728200
220 36 0.936 15 544.69 601 217877 0.040000 1.560826
221 35 0.911 18 541.59 586 216635 0.040000 1.831953
222 34 0.921 19 533.42 587 213368 0.040000 1.906711
223 33 0.918 15 548.21 629 219285 0.040000 1.570543
224 32 0.906 17 539.61 614 215845 0.040000 1.735636
225 31 0.904 18 536.74 578 214694 0.040000 1.818710
226 30 0.954 17 535.76 595 214304 0.040000 1.728130
227 29 0.920 14 543.11 593 217243 0.040000 1.458902
228 28 0.932 17 539.32 592 215729 0.040000 1.725078
229 27 0.915 15 544.61 593 217844 0.040000 1.550810
230 26 0.901 17 538.05 584 215219 0.040000 1.719720
231 25 0.929 15 542.40 622 216959 0.040000 1.544376
232 24 0.906 12 548.72 604 219489 0.040000 1.286218
233 23 0.902 16 540.34 593 216136 0.040000 1.678334
234 22 0.901 15 537.90 598 215162 0.040000 1.572255
235 21 0.903 15 538.90 588 215559 0.040000 1.569278
236 20 0.904 14 545.86 610 218344 0.040000 1.470011
237 19 0.902 13 545.77 607 218310 0.040000 1.371177
238 18 0.902 15 543.29 628 217316 0.040000 1.550752
239 17 0.909 17 535.43 580 214171 0.040000 1.729416
240 16 0.925 17 533.97 594 213586 0.040000 1.729427
241 15 0.903 19 527.48 594 210992 0.040000 1.895457
242 14 0.900 18 529.93 587 211974 0.040000 1.810524
243 13 0.908 17 534.50 586 213802 0.040000 1.718827
244 12 0.928 12 547.28 600 218912 0.040000 1.279975
245 11 0.917 17 535.95 585 214379 0.040000 1.733258
246 10 0.913 15 540.02 597 216007 0.040000 1.554906
247 9 0.917 15 540.59 602 216235 0.040000 1.553927
248 8 0.903 18 529.72 595 211888 0.040000 1.812323
249 7 0.927 18 527.38 584 210952 0.040000 1.806706
250 6 0.924 14 543.63 594 217451 0.040000 1.463208
251 5 0.913 12 544.41 600 217764 0.040000 1.286169
252 4 0.925 14 539.93 599 215973 0.040000 1.465645
253 3 0.959 21 525.20 582 210079 0.040000 2.059294
254 2 0.904 15 538.04 616 215216 0.040000 1.566313
255 1 0.906 18 528.38 596 211353 0.040000 1.818764
256 0 0.917 14 541.33 606 216532 0.040000 1.467119
