0 256 1.000 0 0.00 0 0 0.040000 0.070987
1 255 0.996 0 0.00 0 0 0.040000 0.070194
2 254 0.993 0 0.00 0 0 0.040000 0.071266
3 253 0.989 0 0.00 0 0 0.040000 0.070846
4 252 0.985 0 0.00 0 0 0.040000 0.071087
5 251 0.982 0 0.00 0 0 0.040000 0.071388
6 250 0.978 0 0.00 0 0 0.040000 0.071527
7 249 0.974 0 0.00 0 0 0.040000 0.071624
8 248 0.970 0 0.00 0 0 0.040000 0.071570
9 247 0.967 0 0.00 0 0 0.040000 0.068570
10 246 0.963 0 0.00 0 0 0.040000 0.071657
11 245 0.960 0 0.00 0 0 0.040000 0.071485
12 244 0.956 0 0.00 0 0 0.040000 0.071187
13 243 0.952 0 0.00 0 0 0.040000 0.071285
14 242 0.948 0 0.00 0 0 0.040000 0.068393
15 241 0.945 0 0.00 0 0 0.040000 0.071564
16 240 0.941 0 0.00 0 0 0.040000 0.071034
17 239 0.937 0 0.00 0 0 0.040000 0.071499
18 238 0.933 0 0.00 0 0 0.040000 0.072305
19 237 0.929 0 0.00 0 0 0.040000 0.069052
20 236 0.926 0 0.00 0 0 0.040000 0.072405
21 235 0.922 0 0.00 0 0 0.040000 0.073281
22 234 0.919 0 0.00 0 0 0.040000 0.073039
23 233 0.915 0 0.00 0 0 0.040000 0.073619
24 232 0.911 0 0.00 0 0 0.040000 0.068627
25 231 0.907 0 0.00 0 0 0.040000 0.073700
26 230 0.903 0 0.00 0 0 0.040000 0.073269
27 229 0.902 1 701.18 715 280473 0.040000 0.167530
28 228 0.910 1 699.87 715 279949 0.040000 0.171527
29 227 0.911 2 700.44 721 280177 0.040000 0.266230
30 226 0.910 2 698.04 718 279217 0.040000 0.274315
31 225 0.901 2 697.62 722 279046 0.040000 0.343775
32 224 0.903 3 698.41 719 279364 0.040000 0.468230
33 223 0.906 3 695.67 719 278267 0.040000 0.356624
34 222 0.906 3 693.68 720 277474 0.040000 0.366737
35 221 0.902 3 692.94 712 277175 0.040000 0.345671
36 220 0.907 3 690.45 718 276179 0.040000 0.335318
37 219 0.915 5 694.09 720 277637 0.040000 0.518562
38 218 0.903 5 692.20 715 276879 0.040000 0.518124
39 217 0.911 6 692.28 715 276912 0.040000 0.604461
40 216 0.907 4 686.03 708 274414 0.040000 0.434206
41 215 0.911 4 682.98 711 273190 0.040000 0.430396
42 214 0.927 6 685.05 713 274019 0.040000 0.608930
43 213 0.902 5 683.89 707 273558 0.040000 0.533976
44 212 0.916 7 685.50 712 274198 0.040000 0.701027
45 211 0.925 6 684.01 707 273606 0.040000 0.624167
46 210 0.914 7 682.94 712 273177 0.040000 0.705842
47 209 0.904 6 679.11 703 271642 0.040000 0.619331
48 208 0.905 5 675.53 705 270212 0.040000 0.539205
49 207 0.926 7 675.07 703 270027 0.040000 0.705043
50 206 0.914 8 675.34 705 270137 0.040000 0.797312
51 205 0.906 7 673.86 703 269544 0.040000 0.712842
52 204 0.917 7 672.16 708 268866 0.040000 0.725488
53 203 0.907 8 674.72 707 269886 0.040000 0.818592
54 202 0.913 8 671.54 697 268617 0.040000 0.818884
55 201 0.910 5 663.65 698 265461 0.040000 0.535511
56 200 0.926 8 670.70 705 268280 0.040000 0.822527
57 199 0.902 8 666.86 693 266742 0.040000 0.843240
58 198 0.941 8 664.77 694 265909 0.040000 0.828653
59 197 0.905 5 658.95 685 263580 0.040000 0.541329
60 196 0.902 6 660.14 689 264056 0.040000 0.638978
61 195 0.918 8 660.99 690 264397 0.040000 0.817885
62 194 0.903 6 655.87 680 262348 0.040000 0.638316
63 193 0.916 6 655.00 682 262002 0.040000 0.637090
64 192 0.903 7 655.64 687 262256 0.040000 0.729402
65 191 0.962 10 656.92 687 262768 0.040000 1.001367
66 190 0.924 9 655.92 682 262370 0.040000 0.913761
67 189 0.937 10 654.80 685 261919 0.040000 1.000161
68 188 0.900 10 653.35 686 261338 0.040000 1.007110
69 187 0.927 12 652.88 694 261152 0.040000 1.176200
70 186 0.917 9 650.23 681 260091 0.040000 0.925687
71 185 0.917 8 646.54 675 258617 0.040000 0.829299
72 184 0.915 8 647.81 684 259125 0.040000 0.828164
73 183 0.910 9 644.46 671 257783 0.040000 0.923654
74 182 0.920 11 646.85 675 258738 0.040000 1.096444
75 181 0.910 9 640.97 671 256389 0.040000 0.923438
76 180 0.928 12 638.81 668 255524 0.040000 1.187855
77 179 0.912 8 640.07 667 256026 0.040000 0.836074
78 178 0.910 11 637.54 669 255017 0.040000 1.100129
79 177 0.906 8 638.21 669 255283 0.040000 0.836990
80 176 0.904 12 636.64 675 254658 0.040000 1.202566
81 175 0.913 10 632.61 675 253044 0.040000 1.020372
82 174 0.917 11 633.88 668 253553 0.040000 1.109322
83 173 0.914 8 633.53 661 253414 0.040000 0.841487
84 172 0.925 11 629.88 669 251952 0.040000 1.109904
85 171 0.939 12 627.44 662 250976 0.040000 1.196600
86 170 0.909 11 628.73 658 251492 0.040000 1.113006
87 169 0.902 8 624.24 657 249694 0.040000 0.840507
88 168 0.901 11 624.72 659 249889 0.040000 1.121754
89 167 0.917 10 625.61 657 250242 0.040000 1.028613
90 166 0.913 12 622.37 655 248946 0.040000 1.212754
91 165 0.917 11 619.58 650 247831 0.040000 1.123811
92 164 0.902 11 619.38 650 247754 0.040000 1.124445
93 163 0.910 11 618.41 652 247366 0.040000 1.125576
94 162 0.940 13 616.35 644 246541 0.040000 1.302475
95 161 0.916 12 617.63 656 247051 0.040000 1.217919
96 160 0.948 13 613.26 649 245305 0.040000 1.311284
97 159 0.902 10 616.86 649 246743 0.040000 1.038808
98 158 0.904 12 610.85 650 244338 0.040000 1.223760
99 157 0.918 15 610.25 656 244100 0.040000 1.475627
100 156 0.905 14 608.62 643 243449 0.040000 1.393518
101 155 0.909 13 609.00 645 243599 0.040000 1.313187
102 154 0.907 12 607.45 649 242979 0.040000 1.229655
103 153 0.913 16 600.77 633 240308 0.040000 1.562067
104 152 0.916 12 605.45 638 242178 0.040000 1.230348
105 151 0.923 16 602.86 635 241143 0.040000 1.579872
106 150 0.902 11 604.36 645 241744 0.040000 1.140583
107 149 0.908 13 602.99 645 241197 0.040000 1.319152
108 148 0.913 13 604.18 635 241671 0.040000 1.326127
109 147 0.913 15 598.44 636 239377 0.040000 1.499257
110 146 0.923 11 601.24 640 240497 0.040000 1.142710
111 145 0.916 14 597.91 649 239165 0.040000 1.411821
112 144 0.906 14 595.98 632 238393 0.040000 1.406872
113 143 0.905 15 593.31 658 237325 0.040000 1.492060
114 142 0.915 13 595.02 636 238010 0.040000 1.333936
115 141 0.904 16 591.20 631 236481 0.040000 1.582014
116 140 0.900 15 592.86 634 237145 0.040000 1.494945
117 139 0.909 11 596.84 629 238737 0.040000 1.145969
118 138 0.940 14 590.78 637 236311 0.040000 1.410584
119 137 0.937 16 587.59 626 235035 0.040000 1.567901
120 136 0.901 10 596.37 633 238548 0.040000 1.058703
121 135 0.928 17 585.86 628 234342 0.040000 1.671991
122 134 0.907 13 589.75 629 235900 0.040000 1.323629
123 133 0.913 14 586.15 641 234462 0.040000 1.414715
124 132 0.924 16 580.00 618 231999 0.040000 1.572144
125 131 0.906 15 581.17 621 232467 0.040000 1.495709
126 130 0.913 11 588.80 617 235519 0.040000 1.149599
127 129 0.913 10 588.14 621 235258 0.040000 1.061722
128 128 0.915 14 582.30 615 232919 0.040000 1.417381
129 127 0.901 15 579.10 626 231638 0.040000 1.504348
130 126 0.905 11 584.45 618 233781 0.040000 1.153408
131 125 0.912 12 582.30 611 232922 0.040000 1.247126
132 124 0.902 14 577.98 613 231193 0.040000 1.423300
133 123 0.913 14 575.16 618 230065 0.040000 1.417349
134 122 0.924 14 574.53 611 229812 0.040000 1.428106
135 121 0.935 13 573.87 611 229547 0.040000 1.343465
136 120 0.914 14 576.41 613 230563 0.040000 1.419966
137 119 0.944 16 576.06 612 230425 0.040000 1.614469
138 118 0.936 16 569.20 607 227681 0.040000 1.603939
139 117 0.943 18 566.24 608 226495 0.040000 1.772282
140 116 0.909 15 570.36 620 228143 0.040000 1.515610
141 115 0.913 16 567.23 601 226893 0.040000 1.608919
142 114 0.923 17 566.14 604 226458 0.040000 1.694921
143 113 0.922 14 571.13 620 228451 0.040000 1.432777
144 112 0.909 13 571.27 611 228510 0.040000 1.351776
145 111 0.937 18 558.63 617 223452 0.040000 1.780527
146 110 0.913 14 570.24 610 228096 0.040000 1.443102
147 109 0.918 16 564.71 601 225885 0.040000 1.619902
148 108 0.919 14 565.83 608 226333 0.040000 1.443101
149 107 0.914 18 560.49 602 224197 0.040000 1.788001
150 106 0.901 11 572.88 609 229153 0.040000 1.176094
151 105 0.913 15 564.58 600 225830 0.040000 1.541821
152 104 0.950 17 560.16 596 224063 0.040000 1.706149
153 103 0.913 13 569.15 604 227659 0.040000 1.363412
154 102 0.920 16 557.07 599 222827 0.040000 1.622474
155 101 0.924 13 563.67 599 225470 0.040000 1.358250
156 100 0.910 17 557.46 593 222983 0.040000 1.714204
157 99 0.917 15 561.07 604 224429 0.040000 1.544144
158 98 0.912 15 557.60 603 223039 0.040000 1.538736
159 97 0.922 18 550.98 592 220393 0.040000 1.801332
160 96 0.915 17 552.95 597 221178 0.040000 1.719757
161 95 0.904 14 561.62 596 224649 0.040000 1.456256
162 94 0.904 15 556.80 594 222719 0.040000 1.536651
163 93 0.906 16 551.14 596 220455 0.040000 1.612126
164 92 0.939 17 550.42 594 220170 0.040000 1.699134
165 91 0.921 15 557.26 596 222906 0.040000 1.541161
166 90 0.943 17 549.66 589 219863 0.040000 1.713112
167 89 0.903 12 560.27 599 224109 0.040000 1.260353
168 88 0.917 15 552.97 590 221188 0.040000 1.553671
169 87 0.910 15 553.99 592 221596 0.040000 1.534063
170 86 0.913 16 551.99 594 220794 0.040000 1.632690
171 85 0.909 14 555.35 600 222138 0.040000 1.446184
172 84 0.905 14 555.13 594 222054 0.040000 1.452495
173 83 0.917 15 552.35 604 220938 0.040000 1.543673
174 82 0.901 14 551.35 591 220538 0.040000 1.453617
175 81 0.902 11 562.33 602 224933 0.040000 1.170671
176 80 0.927 13 554.28 589 221712 0.040000 1.362459
177 79 0.927 18 543.01 586 217206 0.040000 1.795754
178 78 0.912 12 555.66 592 222265 0.040000 1.268323
179 77 0.917 16 547.01 590 218804 0.040000 1.627545
180 76 0.904 18 544.83 584 217931 0.040000 1.809752
181 75 0.903 13 554.23 604 221693 0.040000 1.363556
182 74 0.930 19 538.80 584 215522 0.040000 1.896110
183 73 0.902 10 556.05 591 222422 0.040000 1.085365
184 72 0.917 14 550.49 585 220197 0.040000 1.454765
185 71 0.900 15 545.92 589 218370 0.040000 1.541571
186 70 0.915 15 541.06 578 216423 0.040000 1.543377
187 69 0.922 16 543.64 591 217457 0.040000 1.634022
188 68 0.913 16 539.57 594 215827 0.040000 1.633078
189 67 0.908 12 551.01 591 220406 0.040000 1.275931
190 66 0.938 17 540.16 576 216063 0.040000 1.721507
191 65 0.947 18 536.90 583 214760 0.040000 1.807839
192 64 0.902 15 543.61 590 217444 0.040000 1.542439
193 63 0.900 13 547.13 588 218853 0.040000 1.361286
194 62 0.923 16 538.97 580 215588 0.040000 1.631555
195 61 0.907 14 543.45 590 217381 0.040000 1.456327
196 60 0.908 14 545.16 585 218065 0.040000 1.465863
197 59 0.909 13 546.63 591 218652 0.040000 1.364775
198 58 0.912 13 543.37 585 217349 0.040000 1.364701
199 57 0.918 14 545.13 580 218051 0.040000 1.462213
200 56 0.913 16 534.13 576 213651 0.040000 1.628435
201 55 0.911 14 542.56 584 217024 0.040000 1.463290
202 54 0.916 14 540.64 588 216257 0.040000 1.458495
203 53 0.905 12 548.35 586 219338 0.040000 1.276385
204 52 0.916 14 541.48 581 216590 0.040000 1.461606
205 51 0.914 15 539.37 588 215748 0.040000 1.543576
206 50 0.933 16 533.83 579 213531 0.040000 1.636927
207 49 0.911 15 538.08 578 215230 0.040000 1.551468
208 48 0.901 15 533.82 574 213528 0.040000 1.546326
209 47 0.916 17 532.97 584 213188 0.040000 1.727406
210 46 0.928 15 537.75 591 215099 0.040000 1.555147
211 45 0.927 16 534.62 580 213849 0.040000 1.640548
212 44 0.919 17 531.54 575 212616 0.040000 1.730133
213 43 0.901 13 542.80 580 217121 0.040000 1.368643
214 42 0.914 15 535.69 581 214277 0.040000 1.553712
215 41 0.905 15 538.81 582 215524 0.040000 1.561683
216 40 0.916 13 540.81 585 216325 0.040000 1.371608
217 39 0.901 16 533.03 578 213212 0.040000 1.650134
218 38 0.906 11 543.43 586 217373 0.040000 1.185970
219 37 0.962 17 527.27 571 210910 0.040000 1.720347
220 36 0.914 13 537.17 588 214868 0.040000 1.362927
221 35 0.925 14 534.67 576 213867 0.040000 1.463551
222 34 0.914 13 538.15 584 215262 0.040000 1.376533
223 33 0.906 14 536.05 571 214420 0.040000 1.459866
224 32 0.907 13 535.04 585 214018 0.040000 1.372239
225 31 0.904 13 534.86 578 213944 0.040000 1.367812
226 30 0.925 14 535.00 577 214000 0.040000 1.461390
227 29 0.919 12 539.82 580 215929 0.040000 1.283396
228 28 0.911 17 529.76 580 211906 0.040000 1.726554
229 27 0.904 13 534.35 599 213741 0.040000 1.377074
230 26 0.903 13 537.36 585 214945 0.040000 1.376053
231 25 0.902 15 530.27 577 212109 0.040000 1.553555
232 24 0.903 13 535.84 580 214336 0.040000 1.373629
233 23 0.931 15 527.77 590 211107 0.040000 1.554462
234 22 0.908 18 520.10 565 208039 0.040000 1.818415
235 21 0.917 16 524.88 568 209952 0.040000 1.638908
236 20 0.901 16 529.62 578 211850 0.040000 1.650142
237 19 0.901 11 536.13 581 214452 0.040000 1.184844
238 18 0.900 17 525.87 561 210348 0.040000 1.735436
239 17 0.905 14 530.65 574 212259 0.040000 1.470644
240 16 0.932 13 533.54 579 213417 0.040000 1.373018
241 15 0.904 15 528.91 578 211563 0.040000 1.556082
242 14 0.925 16 525.46 566 210184 0.040000 1.649851
243 13 0.912 16 523.84 562 209534 0.040000 1.637334
244 12 0.923 15 524.59 569 209834 0.040000 1.552133
245 11 0.907 15 526.65 567 210661 0.040000 1.573547
246 10 0.906 15 525.91 571 210366 0.040000 1.570285
247 9 0.946 16 523.29 565 209317 0.040000 1.659298
248 8 0.903 16 524.33 564 209730 0.040000 1.658949
249 7 0.908 12 530.54 577 212216 0.040000 1.288956
250 6 0.903 15 524.72 565 209889 0.040000 1.567104
251 5 0.906 16 522.93 568 209172 0.040000 1.651804
252 4 0.919 12 532.05 573 212821 0.040000 1.295523
253 3 0.907 16 519.22 571 207686 0.040000 1.648758
254 2 0.913 13 531.72 578 212687 0.040000 1.382623
255 1 0.919 15 523.95 563 209580 0.040000 1.557762
256 0 0.902 12 530.25 567 212099 0.040000 1.284316
