0 256 1.000 0 0.00 0 0 0.500000 0.008641
1 255 0.996 0 0.00 0 0 0.500000 0.008614
2 254 0.993 0 0.00 0 0 0.500000 0.008445
3 253 0.989 0 0.00 0 0 0.500000 0.008383
4 252 0.985 0 0.00 0 0 0.500000 0.009093
5 251 0.982 0 0.00 0 0 0.500000 0.008406
6 250 0.978 0 0.00 0 0 0.500000 0.008456
7 249 0.974 0 0.00 0 0 0.500000 0.008400
8 248 0.970 0 0.00 0 0 0.500000 0.008425
9 247 0.967 0 0.00 0 0 0.500000 0.008536
10 246 0.963 0 0.00 0 0 0.500000 0.008660
11 245 0.960 0 0.00 0 0 0.500000 0.008634
12 244 0.956 0 0.00 0 0 0.500000 0.009353
13 243 0.952 0 0.00 0 0 0.500000 0.008433
14 242 0.948 0 0.00 0 0 0.500000 0.008442
15 241 0.945 0 0.00 0 0 0.500000 0.008524
16 240 0.941 0 0.00 0 0 0.500000 0.008532
17 239 0.937 0 0.00 0 0 0.500000 0.009181
18 238 0.933 0 0.00 0 0 0.500000 0.008885
19 237 0.929 0 0.00 0 0 0.500000 0.010471
20 236 0.925 0 0.00 0 0 0.500000 0.008610
21 235 0.921 0 0.00 0 0 0.500000 0.009159
22 234 0.918 0 0.00 0 0 0.500000 0.008501
23 233 0.914 0 0.00 0 0 0.500000 0.008705
24 232 0.910 0 0.00 0 0 0.500000 0.008543
25 231 0.906 0 0.00 0 0 0.500000 0.009160
26 230 0.902 0 0.00 0 0 0.500000 0.008508
27 229 0.912 1 701.66 715 35083 0.500000 0.025729
28 228 0.915 1 698.76 716 34938 0.500000 0.019655
29 227 0.904 2 699.38 716 34969 0.500000 0.031903
30 226 0.910 2 699.62 711 34981 0.500000 0.029915
31 225 0.911 2 695.32 712 34766 0.500000 0.030030
32 224 0.906 2 693.26 714 34663 0.500000 0.030002
33 223 0.910 3 694.14 711 34707 0.500000 0.042774
34 222 0.913 3 695.14 713 34757 0.500000 0.039913
35 221 0.910 3 692.12 711 34606 0.500000 0.040317
36 220 0.902 3 691.04 707 34552 0.500000 0.041409
37 219 0.903 4 692.86 706 34643 0.500000 0.055767
38 218 0.929 6 697.94 718 34897 0.500000 0.075244
39 217 0.914 5 692.16 709 34608 0.500000 0.064304
40 216 0.910 4 683.94 700 34197 0.500000 0.051045
41 215 0.903 5 683.86 707 34193 0.500000 0.062200
42 214 0.906 7 689.66 712 34483 0.500000 0.084878
43 213 0.926 6 682.98 711 34149 0.500000 0.073695
44 212 0.943 5 687.34 705 34367 0.500000 0.062527
45 211 0.911 5 682.32 702 34116 0.500000 0.062950
46 210 0.930 7 685.84 706 34292 0.500000 0.083798
47 209 0.901 5 678.08 700 33904 0.500000 0.065822
48 208 0.912 8 684.84 704 34242 0.500000 0.095716
49 207 0.911 7 676.54 692 33827 0.500000 0.085186
50 206 0.906 6 677.00 702 33850 0.500000 0.075312
51 205 0.905 8 679.68 696 33984 0.500000 0.094584
52 204 0.911 7 674.90 696 33745 0.500000 0.086797
53 203 0.902 8 680.76 706 34038 0.500000 0.097138
54 202 0.924 11 676.16 698 33808 0.500000 0.127350
55 201 0.910 7 670.34 693 33517 0.500000 0.085707
56 200 0.902 7 672.20 690 33610 0.500000 0.086381
57 199 0.924 8 670.60 702 33530 0.500000 0.096936
58 198 0.939 9 663.48 685 33174 0.500000 0.106412
59 197 0.924 8 663.66 690 33183 0.500000 0.096410
60 196 0.913 8 670.06 695 33503 0.500000 0.097529
61 195 0.900 8 665.72 695 33286 0.500000 0.097608
62 194 0.902 8 666.44 683 33322 0.500000 0.099087
63 193 0.910 8 667.24 690 33362 0.500000 0.098391
64 192 0.907 9 655.02 679 32751 0.500000 0.106843
65 191 0.925 10 660.60 692 33030 0.500000 0.118702
66 190 0.917 8 658.18 685 32909 0.500000 0.097929
67 189 0.906 10 660.88 693 33044 0.500000 0.119979
68 188 0.906 10 660.56 687 33028 0.500000 0.120742
69 187 0.925 9 652.30 672 32615 0.500000 0.107791
70 186 0.917 12 657.22 679 32861 0.500000 0.141646
71 185 0.932 13 661.14 698 33057 0.500000 0.149648
72 184 0.900 11 651.06 689 32553 0.500000 0.131543
73 183 0.917 11 648.68 672 32434 0.500000 0.132672
74 182 0.907 11 651.08 675 32554 0.500000 0.131342
75 181 0.906 10 648.18 675 32409 0.500000 0.121364
76 180 0.913 11 650.70 677 32535 0.500000 0.133190
77 179 0.902 9 644.88 672 32244 0.500000 0.111557
78 178 0.902 13 642.14 662 32107 0.500000 0.154067
79 177 0.928 14 642.46 674 32123 0.500000 0.161712
80 176 0.924 11 636.30 672 31815 0.500000 0.129581
81 175 0.902 9 642.02 673 32101 0.500000 0.116966
82 174 0.913 12 644.30 673 32215 0.500000 0.143283
83 173 0.912 9 634.66 668 31733 0.500000 0.113763
84 172 0.905 11 638.32 668 31916 0.500000 0.135349
85 171 0.913 15 634.98 660 31749 0.500000 0.170763
86 170 0.905 12 634.80 674 31740 0.500000 0.143620
87 169 0.908 13 631.44 655 31572 0.500000 0.155109
88 168 0.916 14 630.92 660 31546 0.500000 0.164049
89 167 0.922 15 629.72 666 31486 0.500000 0.174798
90 166 0.905 14 630.62 668 31531 0.500000 0.163116
91 165 0.908 14 630.14 657 31507 0.500000 0.165301
92 164 0.912 16 627.74 654 31387 0.500000 0.184836
93 163 0.913 16 623.08 651 31154 0.500000 0.184142
94 162 0.915 12 625.90 651 31295 0.500000 0.145544
95 161 0.913 14 624.76 646 31238 0.500000 0.165286
96 160 0.917 16 620.42 648 31021 0.500000 0.193024
97 159 0.920 16 617.92 644 30896 0.500000 0.187670
98 158 0.932 16 618.88 653 30944 0.500000 0.189335
99 157 0.908 16 625.20 659 31260 0.500000 0.190267
100 156 0.922 17 615.00 638 30750 0.500000 0.195366
101 155 0.902 13 610.18 636 30509 0.500000 0.162801
102 154 0.914 13 613.88 640 30694 0.500000 0.163377
103 153 0.916 16 622.44 648 31122 0.500000 0.191752
104 152 0.946 18 617.42 653 30871 0.500000 0.202923
105 151 0.905 21 618.94 651 30947 0.500000 0.234484
106 150 0.901 15 619.60 654 30980 0.500000 0.184277
107 149 0.904 19 609.58 645 30479 0.500000 0.224365
108 148 0.906 18 602.66 655 30133 0.500000 0.207930
109 147 0.934 18 606.82 634 30341 0.500000 0.218107
110 146 0.912 16 611.02 635 30551 0.500000 0.189666
111 145 0.901 12 604.74 647 30237 0.500000 0.153612
112 144 0.916 11 611.84 647 30592 0.500000 0.143404
113 143 0.901 14 610.86 651 30543 0.500000 0.174884
114 142 0.912 17 605.82 635 30291 0.500000 0.200973
115 141 0.900 16 606.66 637 30333 0.500000 0.188441
116 140 0.904 19 612.22 647 30611 0.500000 0.224733
117 139 0.909 15 603.76 633 30188 0.500000 0.182355
118 138 0.906 19 603.22 638 30161 0.500000 0.224963
119 137 0.901 19 608.48 650 30424 0.500000 0.222356
120 136 0.912 14 599.82 639 29991 0.500000 0.172163
121 135 0.902 19 603.56 642 30178 0.500000 0.223141
122 134 0.908 16 597.94 625 29897 0.500000 0.193032
123 133 0.920 18 592.46 620 29623 0.500000 0.211673
124 132 0.901 15 595.16 628 29758 0.500000 0.180337
125 131 0.932 20 588.20 620 29410 0.500000 0.231696
126 130 0.920 22 593.42 638 29671 0.500000 0.257514
127 129 0.912 17 587.00 617 29350 0.500000 0.202825
128 128 0.913 14 596.18 623 29809 0.500000 0.172810
129 127 0.924 16 597.72 640 29886 0.500000 0.191886
130 126 0.905 18 589.54 619 29477 0.500000 0.212972
131 125 0.904 12 587.68 618 29384 0.500000 0.153479
132 124 0.904 13 592.28 611 29614 0.500000 0.166088
133 123 0.903 13 589.50 618 29475 0.500000 0.165214
134 122 0.904 17 579.32 609 28966 0.500000 0.208904
135 121 0.905 13 585.02 624 29251 0.500000 0.165404
136 120 0.906 17 582.38 614 29119 0.500000 0.205936
137 119 0.905 17 580.72 607 29036 0.500000 0.204948
138 118 0.912 17 593.36 620 29668 0.500000 0.205246
139 117 0.912 15 596.18 630 29809 0.500000 0.186947
140 116 0.903 19 579.04 623 28952 0.500000 0.225451
141 115 0.916 17 574.60 607 28730 0.500000 0.207879
142 114 0.921 18 578.60 612 28930 0.500000 0.210394
143 113 0.920 20 574.22 610 28711 0.500000 0.229539
144 112 0.919 14 594.24 626 29712 0.500000 0.171875
145 111 0.920 16 583.52 617 29176 0.500000 0.190168
146 110 0.901 18 583.34 617 29167 0.500000 0.210979
147 109 0.902 18 578.88 614 28944 0.500000 0.212261
148 108 0.920 16 577.72 625 28886 0.500000 0.191606
149 107 0.912 13 584.82 624 29241 0.500000 0.161536
150 106 0.902 17 576.90 609 28845 0.500000 0.199187
151 105 0.902 16 581.30 610 29065 0.500000 0.190802
152 104 0.910 17 570.78 602 28539 0.500000 0.203616
153 103 0.917 24 575.08 611 28754 0.500000 0.266178
154 102 0.923 15 589.36 627 29468 0.500000 0.182351
155 101 0.923 16 581.12 610 29056 0.500000 0.193593
156 100 0.932 20 571.10 599 28555 0.500000 0.230522
157 99 0.927 21 570.58 604 28529 0.500000 0.241512
158 98 0.914 19 573.44 596 28672 0.500000 0.224849
159 97 0.901 18 566.32 603 28316 0.500000 0.216463
160 96 0.906 19 570.00 601 28500 0.500000 0.220851
161 95 0.901 17 569.74 612 28487 0.500000 0.202791
162 94 0.902 17 571.98 601 28599 0.500000 0.202060
163 93 0.902 16 571.92 608 28596 0.500000 0.191349
164 92 0.919 18 568.38 600 28419 0.500000 0.209960
165 91 0.916 20 564.50 586 28225 0.500000 0.231176
166 90 0.901 16 566.78 608 28339 0.500000 0.194975
167 89 0.912 18 577.08 632 28854 0.500000 0.214895
168 88 0.907 14 573.90 613 28695 0.500000 0.173778
169 87 0.925 19 569.34 611 28467 0.500000 0.223345
170 86 0.905 15 569.52 600 28476 0.500000 0.182809
171 85 0.921 18 558.22 587 27911 0.500000 0.210971
172 84 0.931 22 559.56 586 27978 0.500000 0.252675
173 83 0.924 16 567.78 609 28389 0.500000 0.191369
174 82 0.908 14 569.74 609 28487 0.500000 0.174452
175 81 0.907 14 562.38 611 28119 0.500000 0.174428
176 80 0.901 18 567.64 606 28382 0.500000 0.214422
177 79 0.900 18 562.78 598 28139 0.500000 0.215350
178 78 0.908 20 552.14 580 27607 0.500000 0.233498
179 77 0.941 20 555.86 589 27793 0.500000 0.233312
180 76 0.902 20 567.50 613 28375 0.500000 0.236401
181 75 0.912 17 567.76 608 28388 0.500000 0.206561
182 74 0.917 16 560.40 601 28020 0.500000 0.198885
183 73 0.926 15 556.76 592 27838 0.500000 0.182410
184 72 0.903 17 554.78 598 27739 0.500000 0.204661
185 71 0.911 16 563.08 598 28154 0.500000 0.197201
186 70 0.906 16 556.94 580 27847 0.500000 0.193785
187 69 0.904 19 564.82 593 28241 0.500000 0.225947
188 68 0.908 15 559.40 592 27970 0.500000 0.183272
189 67 0.931 19 549.68 584 27484 0.500000 0.226607
190 66 0.912 17 553.78 604 27689 0.500000 0.205948
191 65 0.925 21 556.82 593 27841 0.500000 0.244689
192 64 0.902 16 557.06 590 27853 0.500000 0.193844
193 63 0.921 14 553.22 582 27661 0.500000 0.173463
194 62 0.910 15 564.62 605 28231 0.500000 0.185999
195 61 0.921 17 547.92 585 27396 0.500000 0.203554
196 60 0.916 17 554.78 588 27739 0.500000 0.205579
197 59 0.900 17 554.02 589 27701 0.500000 0.203658
198 58 0.903 17 553.32 594 27666 0.500000 0.204028
199 57 0.909 18 558.08 587 27904 0.500000 0.216132
200 56 0.904 14 556.78 588 27839 0.500000 0.175166
201 55 0.915 13 558.56 598 27928 0.500000 0.163587
202 54 0.912 14 569.94 637 28497 0.500000 0.172579
203 53 0.911 21 547.78 588 27389 0.500000 0.247432
204 52 0.906 15 554.06 601 27703 0.500000 0.184418
205 51 0.931 18 546.32 589 27316 0.500000 0.215306
206 50 0.902 18 552.26 593 27613 0.500000 0.217809
207 49 0.904 17 559.72 603 27986 0.500000 0.212400
208 48 0.924 23 554.20 579 27710 0.500000 0.267174
209 47 0.927 20 538.64 575 26932 0.500000 0.232947
210 46 0.924 20 550.60 583 27530 0.500000 0.237507
211 45 0.906 21 552.16 590 27608 0.500000 0.245593
212 44 0.918 19 549.34 584 27467 0.500000 0.224797
213 43 0.945 17 544.70 578 27235 0.500000 0.206750
214 42 0.930 13 554.62 591 27731 0.500000 0.164991
215 41 0.934 21 561.30 594 28065 0.500000 0.249823
216 40 0.901 15 551.10 587 27555 0.500000 0.184090
217 39 0.906 17 545.30 572 27265 0.500000 0.204042
218 38 0.911 17 545.94 571 27297 0.500000 0.204662
219 37 0.906 18 549.26 583 27463 0.500000 0.214714
220 36 0.903 16 541.98 595 27099 0.500000 0.195454
221 35 0.930 18 554.60 581 27730 0.500000 0.218250
222 34 0.923 18 550.82 583 27541 0.500000 0.217360
223 33 0.902 14 553.18 584 27659 0.500000 0.174302
224 32 0.908 15 552.20 584 27610 0.500000 0.185097
225 31 0.904 18 553.42 583 27671 0.500000 0.218478
226 30 0.920 14 553.40 585 27670 0.500000 0.175064
227 29 0.906 14 555.88 591 27794 0.500000 0.176479
228 28 0.914 14 551.96 622 27598 0.500000 0.176307
229 27 0.909 17 541.20 586 27060 0.500000 0.206408
230 26 0.943 16 553.78 598 27689 0.500000 0.195512
231 25 0.901 15 549.96 579 27498 0.500000 0.191281
232 24 0.923 16 547.66 581 27383 0.500000 0.195981
233 23 0.924 17 539.98 572 26999 0.500000 0.205329
234 22 0.901 15 549.40 580 27470 0.500000 0.183639
235 21 0.918 17 547.66 581 27383 0.500000 0.206833
236 20 0.908 15 550.34 577 27517 0.500000 0.186011
237 19 0.909 17 539.70 588 26985 0.500000 0.205680
238 18 0.906 11 551.32 610 27566 0.500000 0.143344
239 17 0.907 16 553.70 587 27685 0.500000 0.196146
240 16 0.908 13 549.32 604 27466 0.500000 0.164021
241 15 0.911 17 543.50 587 27175 0.500000 0.206486
242 14 0.901 20 540.58 570 27029 0.500000 0.234932
243 13 0.901 12 551.72 586 27586 0.500000 0.154725
244 12 0.914 15 540.72 568 27036 0.500000 0.184224
245 11 0.902 16 540.34 578 27017 0.500000 0.194719
246 10 0.907 19 532.50 572 26625 0.500000 0.228571
247 9 0.936 17 544.58 573 27229 0.500000 0.206042
248 8 0.902 18 548.88 581 27444 0.500000 0.222419
249 7 0.905 15 541.48 577 27074 0.500000 0.186078
250 6 0.910 13 541.86 568 27093 0.500000 0.163278
251 5 0.918 19 547.84 575 27392 0.500000 0.226691
252 4 0.905 17 543.06 578 27153 0.500000 0.207472
253 3 0.906 16 550.42 585 27521 0.500000 0.197262
254 2 0.907 17 551.12 588 27556 0.500000 0.208726
255 1 0.902 18 542.88 585 27144 0.500000 0.217132
256 0 0.917 16 541.12 582 27056 0.500000 0.198082
