0 256 1.000000 1 1.000000 0 256 0 768 0.000177
1 255 0.996338 2 1.000000 0 256 0 768 0.000184
2 254 0.992676 3 1.000000 0 256 0 768 0.000187
3 253 0.989014 4 1.000000 0 256 0 768 0.000194
4 252 0.985352 5 1.000000 0 256 0 768 0.000206
5 251 0.981689 6 1.000000 0 256 0 768 0.000219
6 250 0.978027 7 1.000000 0 256 0 768 0.000233
7 249 0.974365 8 1.000000 0 256 0 768 0.000246
8 248 0.970703 9 1.000000 0 256 0 768 0.000260
9 247 0.967041 10 1.000000 0 256 0 768 0.000278
10 246 0.963379 11 1.000000 0 256 0 768 0.000293
11 245 0.959717 12 1.000000 0 256 0 768 0.000315
12 244 0.956055 13 1.000000 0 256 0 768 0.000337
13 243 0.952393 14 1.000000 0 256 0 768 0.000353
14 242 0.948730 15 1.000000 0 256 0 768 0.000378
15 241 0.945068 16 1.000000 0 256 0 768 0.000409
16 240 0.941406 17 1.000000 0 256 0 768 0.001142
17 239 0.937744 18 1.000000 0 256 0 768 0.000453
18 238 0.934082 19 1.000000 0 256 0 768 0.000492
19 237 0.930420 20 1.000000 0 256 0 768 0.000506
20 236 0.926758 21 1.000000 0 256 0 768 0.000534
21 235 0.923096 22 1.000000 0 256 0 768 0.000570
22 234 0.919434 23 1.000000 0 256 0 768 0.000600
23 233 0.915771 24 1.000000 0 256 0 768 0.000668
24 232 0.912354 25 1.000000 0 256 0 768 0.000680
25 231 0.908936 26 1.000000 0 256 0 768 0.000698
26 230 0.905518 27 1.000000 0 256 0 768 0.000734
27 229 0.901855 28 1.000000 0 256 0 768 0.000775
28 228 0.898193 29 1.000000 0 256 0 768 0.000803
29 227 0.894531 30 1.000000 0 256 0 768 0.000847
30 226 0.891113 31 1.000000 0 256 0 768 0.000885
31 225 0.887695 32 1.000000 0 256 0 768 0.000930
32 224 0.884277 33 1.000000 0 256 0 768 0.000966
33 223 0.880615 34 1.000000 0 256 0 768 0.001011
34 222 0.876953 35 1.000000 0 256 0 768 0.001063
35 221 0.873291 36 1.000000 0 256 0 768 0.001111
36 220 0.869629 37 1.000000 0 256 0 768 0.001153
37 219 0.865967 38 1.000000 0 256 0 768 0.001241
38 218 0.862305 39 1.000000 0 256 0 768 0.001254
39 217 0.858643 40 1.000000 0 256 0 768 0.001323
40 216 0.854980 41 1.000000 0 256 0 768 0.001367
41 215 0.851318 42 1.000000 0 256 0 768 0.001435
42 214 0.847656 43 1.000000 0 256 0 768 0.001498
43 213 0.843994 44 1.000000 0 256 0 768 0.001525
44 212 0.840332 45 1.000000 0 256 0 768 0.001571
45 211 0.836670 46 1.000000 0 256 0 768 0.001659
46 210 0.833008 47 1.000000 0 256 0 768 0.001685
47 209 0.829346 48 1.000000 0 256 0 768 0.001743
48 208 0.825684 49 1.000000 0 256 0 768 0.001812
49 207 0.822266 50 1.000000 0 256 0 768 0.001859
50 206 0.818604 51 1.000000 0 256 0 768 0.001919
51 205 0.815430 52 1.000000 0 256 0 768 0.001966
52 204 0.812012 53 1.000000 0 256 0 768 0.002156
53 203 0.808594 54 1.000000 0 256 0 768 0.002146
54 202 0.805176 55 1.000000 0 256 0 768 0.002170
55 201 0.801514 56 1.000000 0 256 0 768 0.002231
56 200 0.797852 57 1.000000 0 256 0 768 0.002270
57 199 0.794434 58 1.000000 0 256 0 768 0.002344
58 198 0.791504 59 1.000000 0 256 0 768 0.002416
59 197 0.788086 60 1.000000 0 256 0 768 0.002551
60 196 0.784912 61 1.000000 0 256 0 768 0.002664
61 195 0.781250 62 1.000000 0 256 0 768 0.002637
62 194 0.778076 63 1.000000 0 256 0 768 0.002721
63 193 0.775391 64 1.000000 0 256 0 768 0.002790
64 192 0.771729 65 1.000000 0 256 0 768 0.002842
65 191 0.768799 66 1.000000 0 256 0 768 0.002897
66 190 0.765137 67 1.000000 0 256 0 768 0.003038
67 189 0.761475 68 1.000000 0 256 0 768 0.003106
68 188 0.757812 69 1.000000 0 256 0 768 0.003169
69 187 0.754395 70 1.000000 0 256 0 768 0.003900
70 186 0.750977 71 1.000000 0 256 0 768 0.003303
71 185 0.747559 72 1.000000 0 256 0 768 0.003360
72 184 0.744385 73 1.000000 0 256 0 768 0.003478
73 183 0.741211 74 1.000000 0 256 0 768 0.003566
74 182 0.737549 75 1.000000 0 256 0 768 0.003652
75 181 0.734619 76 1.000000 0 256 0 768 0.003743
76 180 0.731689 77 1.000000 0 256 0 768 0.003812
77 179 0.729248 78 1.000000 0 256 0 768 0.003894
78 178 0.726562 79 1.000000 0 256 0 768 0.004035
79 177 0.722900 80 1.000000 0 256 0 768 0.004759
80 176 0.719482 81 1.000000 0 256 0 768 0.004237
81 175 0.716064 82 1.000000 0 256 0 768 0.004353
82 174 0.713867 83 1.000000 0 256 0 768 0.004451
83 173 0.710205 84 1.000000 0 256 0 768 0.004491
84 172 0.707031 85 1.000000 0 256 0 768 0.004531
85 171 0.704346 86 1.000000 0 256 0 768 0.004612
86 170 0.701172 87 1.000000 0 256 0 768 0.004663
87 169 0.697754 88 1.000000 0 256 0 768 0.005833
88 168 0.694580 89 1.000000 0 256 0 768 0.004871
89 167 0.691162 90 1.000000 0 256 0 768 0.005008
90 166 0.687988 91 1.000000 0 256 0 768 0.005066
91 165 0.685059 92 1.000000 0 256 0 768 0.005201
92 164 0.682373 93 1.000000 0 256 0 768 0.005277
93 163 0.680176 94 1.000000 0 256 0 768 0.005339
94 162 0.677246 95 1.000000 0 256 0 768 0.005425
95 161 0.674805 96 1.000000 0 256 0 768 0.006190
96 160 0.672363 97 1.000000 0 256 0 768 0.005629
97 159 0.669434 98 1.000000 0 256 0 768 0.005867
98 158 0.666992 99 1.000000 0 256 0 768 0.005947
99 157 0.665771 100 1.000000 0 256 0 768 0.005928
100 156 0.663086 101 1.000000 0 256 0 768 0.006045
101 155 0.659424 102 1.000000 0 256 0 768 0.006139
102 154 0.656006 103 1.000000 0 256 0 768 0.006980
103 153 0.654541 104 1.000000 0 256 0 768 0.006428
104 152 0.651611 105 1.000000 0 256 0 768 0.006449
105 151 0.648926 106 1.000000 0 256 0 768 0.006638
106 150 0.645996 107 1.000000 0 256 0 768 0.006712
107 149 0.644531 108 1.000000 0 256 0 768 0.006785
108 148 0.642090 109 1.000000 0 256 0 768 0.007662
109 147 0.640381 110 1.000000 0 256 0 768 0.006979
110 146 0.637939 111 1.000000 0 256 0 768 0.007178
111 145 0.635254 112 1.000000 0 256 0 768 0.007363
112 144 0.634766 113 1.000000 0 256 0 768 0.007488
113 143 0.632080 114 1.000000 0 256 0 768 0.007453
114 142 0.629150 115 1.000000 0 256 0 768 0.008251
115 141 0.627930 116 1.000000 0 256 0 768 0.007723
116 140 0.626953 117 1.000000 0 256 0 768 0.007851
117 139 0.625000 118 1.000000 0 256 0 768 0.007975
118 138 0.621826 119 1.000000 0 256 0 768 0.008044
119 137 0.621582 120 1.000000 0 256 0 768 0.008916
120 136 0.621582 121 1.000000 0 256 0 768 0.008335
121 135 0.620605 122 1.000000 0 256 0 768 0.008713
122 134 0.619873 123 1.000000 0 256 0 768 0.008887
123 133 0.616699 124 1.000000 0 256 0 768 0.009002
124 132 0.614014 125 1.000000 0 256 0 768 0.009797
125 131 0.612061 126 1.000000 0 256 0 768 0.008971
126 130 0.610596 127 1.000000 0 256 0 768 0.009072
127 129 0.609131 128 1.000000 0 256 0 768 0.009173
128 128 0.606201 129 1.000000 0 256 0 768 0.009926
129 127 0.604736 186 1.000000 0 256 0 768 0.013669
130 126 0.604492 131 1.000000 0 256 0 768 0.009640
131 125 0.603760 145 1.000000 0 256 0 768 0.010702
132 124 0.601562 146 1.000000 0 256 0 768 0.011389
133 123 0.598633 204 1.000000 0 256 0 768 0.015343
134 122 0.598145 217 1.000000 0 256 0 768 0.016517
135 121 0.596436 1139 1.000000 0 256 0 768 0.085259
136 120 0.595215 1891 1.000000 0 256 0 768 0.143863
137 119 0.593262 3166 1.000000 0 256 0 768 0.244721
138 118 0.591309 1829 1.000000 0 256 0 768 0.135780
139 117 0.590576 1057 1.000000 0 256 0 768 0.075137
140 116 0.589355 10001 0.762939 73 183 0 768
141 115 0.588379 10001 0.735596 82 174 0 768
142 114 0.589600 10001 0.836914 49 207 0 768
143 113 0.588623 10001 0.746582 76 180 0 768
144 112 0.587891 10001 0.734131 83 173 0 768
145 111 0.585693 10001 0.722900 87 169 0 768
146 110 0.584717 10001 0.775146 69 187 0 768
147 109 0.583984 10001 0.732422 84 172 0 768
148 108 0.583496 10001 0.721680 87 169 0 768
149 107 0.583740 10001 0.715332 91 165 0 768
150 106 0.582764 10001 0.720215 87 169 0 768
151 105 0.583252 10001 0.775635 68 188 0 768
152 104 0.582520 10001 0.702148 94 162 0 768
153 103 0.582031 10001 0.692139 98 158 0 768
154 102 0.581787 10001 0.694336 98 158 0 768
155 101 0.582764 10001 0.772705 69 187 0 768
156 100 0.583008 1605 1.000000 0 256 0 768 0.127316
157 99 0.582031 10001 0.785400 66 190 0 768
158 98 0.581787 10001 0.791748 64 192 0 768
159 97 0.583008 10001 0.786621 67 189 0 768
160 96 0.584229 10001 0.757080 78 178 0 768
161 95 0.584473 10001 0.794922 63 193 0 768
162 94 0.583740 10001 0.824707 53 203 0 768
163 93 0.585205 10001 0.748047 81 175 0 768
164 92 0.585205 10001 0.677979 108 148 0 768
165 91 0.585938 10001 0.768311 74 182 0 768
166 90 0.584229 10001 0.760010 77 179 0 768
167 89 0.583252 10001 0.729980 88 168 0 768
168 88 0.585205 10001 0.669678 111 145 0 768
169 87 0.585449 10001 0.699951 98 158 0 768
170 86 0.587158 10001 0.700439 97 159 0 768
171 85 0.590088 10001 0.748779 82 174 0 768
172 84 0.590820 10001 0.751709 80 176 0 768
173 83 0.591309 10001 0.762695 77 179 0 768
174 82 0.592529 10001 0.691162 104 152 0 768
175 81 0.594727 10001 0.724365 89 167 0 768
176 80 0.593506 10001 0.731445 89 167 0 768
177 79 0.592285 10001 0.753906 80 176 0 768
178 78 0.593262 10001 0.789551 66 190 0 768
179 77 0.593506 660 1.000000 0 256 0 768 0.036895
180 76 0.593994 4734 1.000000 0 256 0 768 0.385204
181 75 0.593262 10001 0.763428 75 181 0 768
182 74 0.597656 10001 0.763916 77 179 0 768
183 73 0.602783 10001 0.744629 83 173 0 768
184 72 0.605469 10001 0.783203 68 188 0 768
185 71 0.607666 10001 0.807373 61 195 0 768
186 70 0.609619 10001 0.873047 38 218 0 768
187 69 0.611572 10001 0.731201 91 165 0 768
188 68 0.613037 10001 0.743408 83 173 0 768
189 67 0.613770 10001 0.790771 68 188 0 768
190 66 0.616943 10001 0.643799 130 126 0 768
191 65 0.618164 10001 0.643799 131 125 0 768
192 64 0.619629 10001 0.807129 61 195 0 768
193 63 0.622803 10001 0.715332 97 159 0 768
194 62 0.626465 10001 0.802979 63 193 0 768
195 61 0.628662 10001 0.764648 75 181 0 768
196 60 0.631592 10001 0.782715 68 188 0 768
197 59 0.635254 10001 0.864258 41 215 0 768
198 58 0.635498 390 1.000000 0 256 0 768 0.031840
199 57 0.640869 10001 0.768799 76 180 0 768
200 56 0.644287 10001 0.839111 49 207 0 768
201 55 0.649902 250 1.000000 0 256 0 768 0.025460
202 54 0.655518 236 1.000000 0 256 0 768 0.023634
203 53 0.657959 10001 0.842041 47 209 0 768
204 52 0.662354 10001 0.818359 56 200 0 768
205 51 0.666748 770 1.000000 0 256 0 768 0.046634
206 50 0.671387 832 1.000000 0 256 0 768 0.048381
207 49 0.672852 248 1.000000 0 256 0 768 0.022037
208 48 0.677490 4515 1.000000 0 256 0 768 0.223035
209 47 0.681885 330 1.000000 0 256 0 768 0.031983
210 46 0.687012 466 1.000000 0 256 0 768 0.030399
211 45 0.692383 255 1.000000 0 256 0 768 0.025193
212 44 0.697510 4607 1.000000 0 256 0 768 0.442411
213 43 0.702148 2329 1.000000 0 256 0 768 0.161894
214 42 0.705322 3100 1.000000 0 256 0 768 0.397831
215 41 0.710205 10001 0.714355 114 142 0 768
216 40 0.713867 10001 0.744141 99 157 0 768
217 39 0.719971 283 1.000000 0 256 0 768 0.023413
218 38 0.726074 467 1.000000 0 256 0 768 0.047516
219 37 0.730957 524 1.000000 0 256 0 768 0.051051
220 36 0.736572 327 1.000000 0 256 0 768 0.024682
221 35 0.742676 10001 0.670166 172 84 0 768
222 34 0.746338 239 1.000000 0 256 0 768 0.021398
223 33 0.752441 258 1.000000 0 256 0 768 0.024410
224 32 0.760010 266 1.000000 0 256 0 768 0.024315
225 31 0.766357 883 1.000000 0 256 0 768 0.057376
226 30 0.773438 342 1.000000 0 256 0 768 0.027311
227 29 0.777100 819 1.000000 0 256 0 768 0.047440
228 28 0.781250 415 1.000000 0 256 0 768 0.033817
229 27 0.787842 250 1.000000 0 256 0 768 0.023596
230 26 0.794189 288 1.000000 0 256 0 768 0.024295
231 25 0.802734 325 1.000000 0 256 0 768 0.030284
232 24 0.811768 289 1.000000 0 256 0 768 0.025673
233 23 0.816895 306 1.000000 0 256 0 768 0.023783
234 22 0.823486 248 1.000000 0 256 0 768 0.021620
235 21 0.831543 247 1.000000 0 256 0 768 0.021742
236 20 0.837158 251 1.000000 0 256 0 768 0.022124
237 19 0.843506 315 1.000000 0 256 0 768 0.024831
238 18 0.847900 10001 0.843018 49 207 0 768
239 17 0.853760 268 1.000000 0 256 0 768 0.024384
240 16 0.862793 752 1.000000 0 256 0 768 0.090060
241 15 0.870850 303 1.000000 0 256 0 768 0.024270
242 14 0.880371 282 1.000000 0 256 0 768 0.024038
243 13 0.886963 2039 1.000000 0 256 0 768 0.254365
244 12 0.895752 1030 1.000000 0 256 0 768 0.109349
245 11 0.903809 367 1.000000 0 256 0 768 0.025564
246 10 0.911865 435 1.000000 0 256 0 768 0.030912
247 9 0.920898 342 1.000000 0 256 0 768 0.030112
248 8 0.929443 263 1.000000 0 256 0 768 0.022632
249 7 0.937988 298 1.000000 0 256 0 768 0.028064
250 6 0.944336 300 1.000000 0 256 0 768 0.028682
251 5 0.953857 274 1.000000 0 256 0 768 0.023874
252 4 0.962891 284 1.000000 0 256 0 768 0.024616
253 3 0.971924 353 1.000000 0 256 0 768 0.031934
254 2 0.980957 1238 1.000000 0 256 0 768 0.074850
255 1 0.990479 272 1.000000 0 256 0 768 0.024155
256 0 1.000000 10001 0.774414 80 176 0 768
